#Resultados de la simulacion estocastica de P1* modificado.
#------------------------------------------#
-Precision:eps(10^-10)
-Dimension:5
-Maximo de Iteraciones:5000
-Maximo de Simulaciones:50
#------------------------------------------#
-Simulacion N.1
Total de iteraciones:5001
Tiempo de ejecucion:31.1825
---Datos Iniciales---
# name: lambda
# type: matrix
# rows: 5
# columns: 1
 1
 -1
 -1
 0.27551592469391872
 0.86001394872264381


# name: Y
# type: matrix
# rows: 5
# columns: 5
 4.3583655783473327 6.823028216380516 0.83337222139416078 9.1709521742235189 4.2332937588671271
 7.7298404369015472 5.2392180723666684 9.9519338459974271 3.2348927802505756 7.4480667959029638
 7.8075754509701314 4.0298143237259874 4.4626756169766733 6.1078484307713454 3.2076089849559244
 3.3811494256825467 0.80172070743009138 8.5072112324160614 7.3441184043532113 2.9957523690836076
 9.171631616442987 9.7316048792983718 1.3507061145900445 9.7355553308559859 5.5938489085490506


---Resultados---
-Norma resultado:0.10067
# name: lambda_res
# type: diagonal matrix
# rows: 5
# columns: 5
0.99999999999999978
0.88576606081074383
0.27127798371817341
-0.94687407615174979
-0.91856887320701075


# name: Y_res
# type: matrix
# rows: 5
# columns: 5
 0 0.10670350346917938 0 0 0.89329649653082055
 0.35419945241492024 0.29160109517015625 0.35419945241492357 0 0
 0 0.10670350346918012 0 0.89329649653081988 0
 0 0 0.93889198465899704 0 0.061108015341002894
 0.93889198465899026 0 0 0.061108015341009778 0


#------------------------------------------#
-Simulacion N.2
Total de iteraciones:5001
Tiempo de ejecucion:30.8957
---Datos Iniciales---
# name: lambda
# type: matrix
# rows: 5
# columns: 1
 1
 1
 -1
 1
 -0.24856516722410965


# name: Y
# type: matrix
# rows: 5
# columns: 5
 5.7740911894225704 1.7924786310055252 4.619696013170282 4.0339518270207169 8.0187045968032766
 0.81683570005481321 2.6772134229637978 0.69984186385780411 2.5263551476721267 6.2762506876811557
 1.8537569709479673 7.4132572712847278 2.0011915406342218 7.5945689094921942 2.6656608610250689
 4.9922186102676491 5.7678280838049636 8.6061847734909485 9.8972105916620183 7.84118091765004
 8.2467857693524955 6.4008801042618799 2.6237257857965188 5.8882399364702911 8.2357252681749031


---Resultados---
-Norma resultado:0.00034909
# name: lambda_res
# type: diagonal matrix
# rows: 5
# columns: 5
0.99979850140464577
-0.24851508177341441
-0.99980155059068032
0.99980157684980264
1


# name: Y_res
# type: matrix
# rows: 5
# columns: 5
 0.37814721425708814 7.2014970133714453e-22 0 0 0.6218527857429117
 0 1 0 0 0
 0 0.00039680693385807532 0 0.99960319306614198 0
 0 0 0.99999997374087801 2.6259122049128503e-08 0
 0.62645923901233602 0 0 0.0004045556135204937 0.37313620537414338


#------------------------------------------#
-Simulacion N.3
Total de iteraciones:66
Tiempo de ejecucion:0.45239
---Datos Iniciales---
# name: lambda
# type: matrix
# rows: 5
# columns: 1
 1
 -0.18687385062121412
 0.79784172849251067
 0.86614886629837773
 0.12414090324299325


# name: Y
# type: matrix
# rows: 5
# columns: 5
 5.9905821829755048 6.7461988522345875 9.6435807619541674 8.337890836671157 0.4503698258040878
 6.3037707118215556 3.8649314988006687 5.7935537161317399 8.5765639724056282 8.9948045016947038
 4.5796529469619998 0.95903254033832375 5.1841045259359539 7.3073559761023326 6.7077150889921855
 2.8562340114412188 1.0633910734416208 4.5326965236296468 1.0672169274125698 4.9705338680440541
 2.5322201396596222 7.0838237712350383 3.4673225217518677 5.6524004067164659 0.83081083358317653


---Resultados---
-Norma resultado:9.8714e-11
# name: lambda_res
# type: diagonal matrix
# rows: 5
# columns: 5
-0.18687385061152781
0.12414090324287647
1.0000000000000002
0.86614886621989196
0.79784172843343049


# name: Y_res
# type: matrix
# rows: 5
# columns: 5
 0.57662593438963283 0.42337406561036722 0 0 0
 0.3245781150205248 0.44830120600879064 0.22712067897068453 0 0
 0 0.051804037644951173 0.83165073574903325 0.11654522660601567 0
 0 0 0.100854984179476 0.31760632787151705 0.58153868794900687
 0.051170721211771422 0 0 0.52175583552253146 0.42707344326569707


#------------------------------------------#
-Simulacion N.4
Total de iteraciones:5001
Tiempo de ejecucion:31.8168
---Datos Iniciales---
# name: lambda
# type: matrix
# rows: 5
# columns: 1
 1
 1
 -0.074167879941507267
 -0.61812226911347479
 0.86688317683987748


# name: Y
# type: matrix
# rows: 5
# columns: 5
 7.4511984218076268 1.4025259549449043 4.6656125208309049 3.7263828350601305 9.3910662933189357
 0.89077032079770246 5.9550739216760826 9.5576968707198304 7.3755649680065449 3.5028042979998899
 7.9970760596127457 7.7564971840620007 6.4656577985175279 2.8591252265111988 0.58476981387226568
 7.0556437772799407 7.7574109586999676 1.519458807474775 1.8008669876843675 4.350420817359403
 8.0812928780797471 2.3279387304243282 6.0742677788250035 6.4334775520300536 9.2470488840522549


---Resultados---
-Norma resultado:0.00012698
# name: lambda_res
# type: diagonal matrix
# rows: 5
# columns: 5
-0.61806392369807406
-0.074161330488472219
0.99991488319743527
0.86680947396764385
1


# name: Y_res
# type: matrix
# rows: 5
# columns: 5
 1 0 0 0 0
 1.0666889616173691e-16 0.3247838926792565 0.67521610732074333 0 0
 0 0.82146789517553365 0 0.17853210482446633 0
 0 0 0.13027188922533062 0.40587499291707058 0.46385311785759875
 0.0003523824126312132 0 0 0.55580740020516395 0.4438402173822048


#------------------------------------------#
-Simulacion N.5
Total de iteraciones:5001
Tiempo de ejecucion:32.5089
---Datos Iniciales---
# name: lambda
# type: matrix
# rows: 5
# columns: 1
 1
 -1
 0.81104691347877644
 -1
 0.79824967399393987


# name: Y
# type: matrix
# rows: 5
# columns: 5
 4.6725651882342634 3.0459195968493802 7.029935050006813 1.155202193973901 9.3830626162108661
 1.1297728919617922 1.7843622521473534 0.49092653088752325 7.9769234351270857 9.5102223184143053
 9.8812141812292804 5.5288948265780959 7.6865992526452631 5.8512828999271242 8.8779994787435363
 8.5347385467592716 2.4684572470076303 0.075360599678435669 4.9312480315960494 9.0019967080442864
 8.1001654410683255 1.3244701122801883 6.2226009453497388 2.860925966731628 4.4060739174602581


---Resultados---
-Norma resultado:0.13707
# name: lambda_res
# type: diagonal matrix
# rows: 5
# columns: 5
-0.96970435478474848
-0.89089644774632748
0.99999999999999978
0.78604672539757847
0.88731407651619409


# name: Y_res
# type: matrix
# rows: 5
# columns: 5
 0 0.082390278268552886 0 0 0.91760972173144717
 0.08239027826855444 0 0.91760972173144562 0 0
 0 0.93768876209812002 0 0.062311237901880055 0
 0 0 0.093620000308653195 0.81275999938269794 0.093620000308648865
 0.93768876209812058 0 0 0.062311237901879424 0


#------------------------------------------#
-Simulacion N.6
Total de iteraciones:174
Tiempo de ejecucion:1.1042
---Datos Iniciales---
# name: lambda
# type: matrix
# rows: 5
# columns: 1
 1
 0.7426254185801836
 -0.030779076012842632
 1
 -0.47252140846665136


# name: Y
# type: matrix
# rows: 5
# columns: 5
 9.3404526020079164 7.7372833374366277 5.7299248751607728 5.5339719040616071 8.6889057577847968
 6.5592713340214903 4.6183771282630106 0.0082469747441937802 7.861465667280882 8.9933440940629268
 8.6595292069588226 3.9660306098543674 1.1362577124850126 6.3915957701374237 5.6893592286015622
 5.6312607362642355 7.436403388092371 5.2087786016815834 8.1572022715968533 5.8252882398174073
 8.7209294311708661 1.8396807781511315 5.9959121766241843 6.3947877045886941 8.2955838353232849


---Resultados---
-Norma resultado:1.1174e-10
# name: lambda_res
# type: diagonal matrix
# rows: 5
# columns: 5
-0.47252140842198975
0.74262541852062236
0.99999999991668154
0.99999999999999978
-0.030779076011458656


