#Resultados de la simulacion estocastica de P1* modificado.
#------------------------------------------#
-Precision:eps(10^-10)
-Dimension:5
-Maximo de Iteraciones:5000
-Maximo de Simulaciones:10
#------------------------------------------#
-Simulacion N.1
Total de iteraciones:5001
Tiempo de ejecucion:31.7829
---Datos Iniciales---
# name: lambda
# type: matrix
# rows: 5
# columns: 1
 1
 -0.91238948548100762
 -0.62687291410894885
 -0.28223898636945405
 -0.850588667527441


# name: Y
# type: matrix
# rows: 5
# columns: 5
 2.104590499979059 8.092794243777691 8.6937636711120234 8.2907172224702013 7.7557520484162996
 5.1286248128153611 9.2835107315504199 4.7857566096113713 8.1103943031508976 1.5660980620348441
 1.5091665894647899 5.0223782867159841 9.6058502326371258 2.9243435387825101 8.2243152889448101
 0.26309864004707917 5.2450139421075246 9.0993910961012503 0.91086872260971008 9.6705010687558346
 8.8217107457976329 4.1367964239009094 3.5096597644063197 7.0290188617974056 9.1585030315894098


---Resultados---
-Norma resultado:1.1185
# name: lambda_res
# type: diagonal matrix
# rows: 5
# columns: 5
0.99999999999999944
0.6071646157818742
2.7812100084269582e-16
-1
-0.60716461578187431


# name: Y_res
# type: matrix
# rows: 5
# columns: 5
 0 1 0 0 0
 1 0 0 0 0
 0 0.63135112934244886 0 0.36864887065755114 0
 0 0 0.49999999999999972 0 0.50000000000000033
 0.6313511293424493 0 0 0.36864887065755064 0


#------------------------------------------#
-Simulacion N.2
Total de iteraciones:1135
Tiempo de ejecucion:7.2805
---Datos Iniciales---
# name: lambda
# type: matrix
# rows: 5
# columns: 1
 1
 -0.71806646310449695
 0.33447750253918451
 -0.12674731196564989
 1


# name: Y
# type: matrix
# rows: 5
# columns: 5
 2.0573671272014127 7.114576070457721 4.5351861505113957 4.2030594405284276 6.0724189794073542
 5.197327594621548 8.2063445841722569 0.19113635835576348 2.9445187411925566 8.949918325760116
 6.2914884322394169 4.7926690480952878 7.8424164048185823 3.1245785624026432 5.7515534915212099
 1.2033348672376198 2.6857303103070249 8.1331357658394854 4.6872957555358603 8.9761066444004882
 8.7032481805325563 0.15623857437295996 1.8841846344926561 1.8204446467061786 2.3931917299607388


---Resultados---
-Norma resultado:1.1469e-10
# name: lambda_res
# type: diagonal matrix
# rows: 5
# columns: 5
-0.12674731195754008
-0.71806646306541144
0.99999999989247734
1.0000000000000002
0.33447750253374259


# name: Y_res
# type: matrix
# rows: 5
# columns: 5
 0.40509838098329021 0.5949016190167099 0 0 0
 0.53184569294083028 0.46815430705916955 0 0 0
 0 0 0.49955436324368274 0.50044563675631715 0
 0 0 0.40236066039706248 0.1168566761171244 0.48078266348581311
 5.1097771961983669e-10 0 0 0.99999999948902218 0


#------------------------------------------#
-Simulacion N.3
Total de iteraciones:5001
Tiempo de ejecucion:32.417
---Datos Iniciales---
# name: lambda
# type: matrix
# rows: 5
# columns: 1
 1
 -1
 0.61339902190319495
 1
 -0.81825726067864435


# name: Y
# type: matrix
# rows: 5
# columns: 5
 0.5460345595710181 7.5240085368189833 2.6365138532274326 3.3106296245992226 9.3236559023972809
 9.0836818039123823 6.9976303931632664 7.034668796849969 1.1931897347609199 6.1326860277665487
 3.4425654251163817 0.62007410319342093 8.5762653334604231 4.3632105508324246 4.7528774639090088
 6.0121551361976078 3.8453884059049201 8.5331652216754463 1.1092519850293392 8.4414610131404952
 9.2842065646306384 4.0599288501919828 8.1459040708395616 4.1262205441462116 2.6837253557239027


---Resultados---
-Norma resultado:0.00026464
# name: lambda_res
# type: diagonal matrix
# rows: 5
# columns: 5
-0.99981283598649717
-0.81825726068628724
0.99981290606937689
1.0000000000000004
0.61339902191060036


# name: Y_res
# type: matrix
# rows: 5
# columns: 5
 9.2935692092736158e-08 0.99962579983736344 0 0 0.00037410722694437534
 1 0 0 0 0
 0 0 0.72476327560792753 0.27523672439207242 0
 0 0 0.26038881130159952 0.0055410700939832087 0.7340701186044174
 7.9416119544359921e-08 0 0 0.93516252791428967 0.064837392669590682


#------------------------------------------#
-Simulacion N.4
Total de iteraciones:5001
Tiempo de ejecucion:30.625
---Datos Iniciales---
# name: lambda
# type: matrix
# rows: 5
# columns: 1
 1
 0.5787375968362134
 1
 1
 -0.99481545547192785


# name: Y
# type: matrix
# rows: 5
# columns: 5
 2.8388485698892252 8.9964909292197923 8.8970006127544981 7.6404952829917772 7.411561947862487
 0.41405439469180183 1.5149551063072075 8.2998161989611514 6.9822613126424518 1.5820775193184466
 1.6512421005683231 6.3971345770619212 9.0113862343271602 7.7094017463290339 0.046176381411875411
 4.5812642790063887 7.3485872134828707 5.4298853424743196 7.2688378591830451 0.86787564686900631
 2.1952954210650177 1.6459331739757055 3.8297350366865865 4.5926634484851681 6.947468693701385


---Resultados---
-Norma resultado:0.038401
# name: lambda_res
# type: diagonal matrix
# rows: 5
# columns: 5
-0.95713826406219327
0.99999999999999978
0.57131733149169683
0.99980399910027806
1


# name: Y_res
# type: matrix
# rows: 5
# columns: 5
 0 1 0 0 1.7888568866808099e-19
 0.89034242274200281 0 0.10965757725799721 0 0
 0 0.38582093257049704 0.6141790674295029 8.514569417483272e-35 0
 0 0 0 1 0
 2.4417004362601326e-17 0 0 0.00019600089972195348 0.99980399910027806


#------------------------------------------#
-Simulacion N.5
Total de iteraciones:890
Tiempo de ejecucion:5.7051
---Datos Iniciales---
# name: lambda
# type: matrix
# rows: 5
# columns: 1
 1
 -0.30768389999098905
 0.697986501510798
 -0.62287632524055359
 0.14759932176753693


# name: Y
# type: matrix
# rows: 5
# columns: 5
 7.1176104372608116 4.8703978585648677 1.0082347179917683 4.420304672580837 6.9915620042621516
 1.1047927535990276 2.2667884054251997 3.1190968691908005 4.7471739756389431 9.2133331393041384
 3.3538806359690074 3.2117783989931747 9.0760330759484695 2.2202789539852064 0.49096132197493869
 7.4805904096530735 7.8058430894571593 9.7544080988384678 0.034075159214737027 7.6025259717589977
 3.776879290278774 5.8886171833647349 3.9538937910574798 3.8873438842783772 8.6653994807956973


---Resultados---
-Norma resultado:1.1473e-10
# name: lambda_res
# type: diagonal matrix
# rows: 5
# columns: 5
0.99999999999999956
0.69798650159613407
-0.62287632527818493
0.14759932181869234
-0.30768390002520035


# name: Y_res
# type: matrix
# rows: 5
# columns: 5
 0.0064006937327935791 0.24780500341669606 0 0 0.7457943028505104
 0.15328534931867152 0.10630458324483494 0.74041006743649351 0 0
 0 0.24046412713371149 0.58030449523706562 0.17923137762922287 0
 0 0 0.48042888910000803 0 0.51957111089999186
 0.40120357563776676 0 0 0.37678059846548728 0.22201582589674587


#------------------------------------------#
-Simulacion N.6
Total de iteraciones:5001
Tiempo de ejecucion:32.0731
---Datos Iniciales---
# name: lambda
# type: matrix
# rows: 5
# columns: 1
 1
 -0.57171261676894458
 -1
 -1
 -1


# name: Y
# type: matrix
# rows: 5
# columns: 5
 9.5979616609213512 2.0703258382612413 7.1343167276076684 0.53944661615519141 7.2681877621205775
 4.93334173187682 5.5161401627850504 1.9141198091855161 3.9750909793028666 6.1200634091391173
 1.061055485459188 9.2330063124583042 1.8233373706385847 3.1466179303237176 1.6864254501931064
 4.6089346994819032 7.0824410667194462 6.1607695597116994 5.0445508691145227 8.4127707135246723
 8.3778650179527663 7.29413630570245 6.5187684426358361 2.6426373792840629 0.098522827318716644


---Resultados---
-Norma resultado:1.5746
# name: lambda_res
# type: complex diagonal matrix
# rows: 5
# columns: 5
(1.0000000000000007,0)
(0.28653231518075722,0.077067386579445771)
(0.28653231518075722,-0.077067386579445771)
(-0.67036182220203255,0)
(-0.90270280815948267,0)


