#Resultados de la simulacion estocastica de P1* modificado.
#------------------------------------------#
-Precision:eps(10^-10)
-Dimension:5
-Maximo de Iteraciones:5000
-Maximo de Simulaciones:20
#------------------------------------------#
-Simulacion N.1
Total de iteraciones:5001
Tiempo de ejecucion:31.845
---Datos Iniciales---
# name: lambda
# type: matrix
# rows: 5
# columns: 1
 1
 -0.8212920954944597
 0.94853728031149065
 -1
 1


# name: Y
# type: matrix
# rows: 5
# columns: 5
 1.8085509714609693 2.8490169410486752 5.579523550129859 9.4397766574099222 2.4536512965474255
 2.1468420962352877 5.8587944435289074 8.1287446960147829 2.6406042405936727 5.1180815995784368
 8.9451595142807232 7.8157212641476104 6.6173864677493297 3.7343740347653021 7.9016487809629945
 2.1564683490814862 1.9368382657474292 7.8481682665005028 7.3811860125820914 8.454350570645099
 5.7683472417106207 9.3211009798018409 4.0061463865826665 0.1970748886223217 0.29307082415182317


---Resultados---
-Norma resultado:0.0002821
# name: lambda_res
# type: diagonal matrix
# rows: 5
# columns: 5
0.99980054161451271
-0.99980051509120393
-0.82129209549445903
1.0000000000000009
0.94853728031149065


# name: Y_res
# type: matrix
# rows: 5
# columns: 5
 2.6523308589841231e-08 0.00039887698203688144 0 0 0.99960109649465445
 0 0.16347578087238956 0.83652421912761032 0 0
 0 0.9660246231278794 0 0.033975376872120572 0
 0 0 0.036230596055358263 0.96376940394464161 0
 1 0 0 2.7522651669936131e-19 0


#------------------------------------------#
-Simulacion N.2
Total de iteraciones:5001
Tiempo de ejecucion:31.8737
---Datos Iniciales---
# name: lambda
# type: matrix
# rows: 5
# columns: 1
 1
 0.71663333518080674
 -0.99049868424532572
 1
 -0.9039705707126775


# name: Y
# type: matrix
# rows: 5
# columns: 5
 6.4276847239165829 3.5781825447252444 3.5702405962564199 5.6928108130926445 8.3573585844597513
 2.7722849700420147 1.7045707217230488 8.6550622272847164 0.92164739051530331 6.1222901896636781
 2.781360222818491 5.8023694038186662 1.9398495227263401 9.4556614662549272 0.57677629642520878
 8.1231738661091448 4.520315505409811 1.1116834984346891 7.8708274354761301 3.0807090582869803
 0.37457581895609882 7.1132764747686021 5.0969113548631473 7.2459341491851346 5.2603474712367611


---Resultados---
-Norma resultado:0.00032582
# name: lambda_res
# type: diagonal matrix
# rows: 5
# columns: 5
0.71648422228794362
-0.90377696959926501
0.99978449302166827
1.0000000000000009
-0.99049868424532594


# name: Y_res
# type: matrix
# rows: 5
# columns: 5
 0.79980632115046801 0.19995082625808125 0 0 0.00024285259145086704
 0.17749990767976612 0.0126854245598793 0.80981466776035449 0 0
 0 0.9995483971526099 0 0.00045160284739018559 0
 0 0 1.4965525058069781e-16 0.008085459182467853 0.99191454081753205
 6.4881322937618398e-16 0 0 0.99858414342779345 0.0014158565722059877


#------------------------------------------#
-Simulacion N.3
Total de iteraciones:245
Tiempo de ejecucion:1.5217
---Datos Iniciales---
# name: lambda
# type: matrix
# rows: 5
# columns: 1
 1
 0.70730599622502788
 1
 -0.83547707799004234
 -1


# name: Y
# type: matrix
# rows: 5
# columns: 5
 5.1734877149966882 4.10577763841194 8.8030158637619298 7.5251775900062254 9.716347693517509
 8.1199427555099586 8.1273878646565194 1.0726535103018142 0.39929100479630386 3.3297156807735275
 2.3843512891988352 7.973740363358452 1.8089874461074107 9.4141228668650943 6.9423373125858481
 5.2022196594029175 3.0677695255588944 8.3281565112299916 3.1161370358260996 0.94666351379450564
 4.4052435744800986 4.5199056500153816 2.7125561670057339 1.2076570071759585 7.4823746261612722


---Resultados---
-Norma resultado:1.1228e-10
# name: lambda_res
# type: diagonal matrix
# rows: 5
# columns: 5
-0.83547707796197457
0.70730599619996215
-0.99999999992519972
1.0000000000000002
0.99999999992519983


# name: Y_res
# type: matrix
# rows: 5
# columns: 5
 0.0084975330673121904 0.7744536202680562 0 0 0.21704884666463156
 0.94304651978082021 0.056953480219179807 0 0 0
 0 1.496004441865291e-10 0 0.99999999985039956 0
 0 0 1 0 0
 0.19362209504850492 0 0 0 0.80637790495149508


#------------------------------------------#
-Simulacion N.4
Total de iteraciones:5001
Tiempo de ejecucion:31.3584
---Datos Iniciales---
# name: lambda
# type: matrix
# rows: 5
# columns: 1
 1
 -0.057858230342119239
 -0.23999139963654395
 -0.14280993991301705
 -0.89113541650475281


# name: Y
# type: matrix
# rows: 5
# columns: 5
 7.3464837613815881 3.5357054359101516 3.4861650990815782 7.0762326486532885 4.5386240482879021
 5.7962839293635895 8.3428801531658383 9.5055559887764574 9.8494919252309963 9.6816091500287911
 1.2388705007187695 1.1282795497513642 1.8934266161641233 1.0923683127646056 7.2629237852950954
 3.890340720897234 8.5093756948165939 5.8832086235425116 1.358965306545461 6.1826390675161322
 8.8819129219292901 9.2004747004407044 5.4848031830306549 8.7260500253446427 5.5063866437546674


---Resultados---
-Norma resultado:0.25446
# name: lambda_res
# type: diagonal matrix
# rows: 5
# columns: 5
0.091066584647212304
-0.091066584647212317
1.0000000000000004
3.9833418410527982e-17
-0.89113541650475292


# name: Y_res
# type: matrix
# rows: 5
# columns: 5
 0 0.084394468332621986 0 0 0.91560553166737801
 0.098266189753366165 0 0.9017338102466339 0 0
 0 0 0 1 0
 0 0 0.44556770825237701 0.10886458349524678 0.44556770825237618
 0 0 0 1 0


#------------------------------------------#
-Simulacion N.5
Total de iteraciones:5001
Tiempo de ejecucion:31.7174
---Datos Iniciales---
# name: lambda
# type: matrix
# rows: 5
# columns: 1
 1
 0.33859189870028295
 -0.74394788166896186
 1
 1


# name: Y
# type: matrix
# rows: 5
# columns: 5
 5.6025961349869 5.9466713474838686 4.064772270676368 3.2643313778353744 3.6080378614790352
 5.1027155826251445 8.5947732089569051 6.39712783458085 1.4943007590437551 1.2670733379329935
 5.3358277522741311 7.1172677951840448 5.0046016849268957 1.0505242658201597 1.8663740158837328
 6.7838342424091138 2.3611003010330576 4.2313428317904602 9.8464603157978665 2.9872988975322201
 4.9668961991832106 9.9199676145046336 5.672495596761479 7.6724364269874057 7.7002127323141911


---Resultados---
-Norma resultado:0.0003952
# name: lambda_res
# type: diagonal matrix
# rows: 5
# columns: 5
0.99980863216882399
-0.74369080498678941
0.99978049283044323
0.33851914290772456
1


# name: Y_res
# type: matrix
# rows: 5
# columns: 5
 0.45711617930132886 0.5420720361885536 0 0 0.00081178451011743881
 0.31188515757268748 0.13749265145005032 0.55062219097726217 0 0
 0 1 0 0 0
 0 0 0.00016984778592782018 0.99980863216882399 2.1520045247951647e-05
 0 0 0 0 1


#------------------------------------------#
-Simulacion N.6
Total de iteraciones:5001
Tiempo de ejecucion:31.8559
---Datos Iniciales---
# name: lambda
# type: matrix
# rows: 5
# columns: 1
 1
 -0.55725725084080335
 -1
 0.45022578793934032
 -1


# name: Y
# type: matrix
# rows: 5
# columns: 5
 2.0280945010959837 0.790454415495081 1.7812667941466498 2.121055954992662 2.9384497652996111
 4.0551017186772444 7.3251452410845372 6.1819313316082845 8.8373410754865951 3.768625035536024
 9.8969499517513864 8.1217662357701048 0.41343348871321628 2.6418349083058699 3.3309971854434464
 7.4840428611917753 2.4508321652166387 2.8551663738686428 0.56591150842503324 9.4418699174555325
 2.6747161087755145 2.4203238095841115 0.78969248943041026 7.0298347734245255 7.9642053050944632


---Resultados---
-Norma resultado:0.68018
# name: lambda_res
# type: diagonal matrix
# rows: 5
# columns: 5
0.99999999999999911
0.71112492964052276
0.044313635681862223
-0.84041760744063976
-0.91502095788174564


