#Resultados de la simulacion de P2.
#------------------------------------------#
-Precision:eps(10^-10)
-Dimension:10
-Maximo de Iteraciones:1000
-Maximo de Simulaciones:100
-Valor de k:0.52537
# name: lambda
# type: diagonal matrix
# rows: 6
# columns: 6
-1
-1
-1
-1
1.5253716068440037
2.4746283931559963


#------------------------------------------#
-Simulacion N.1
Total de iteraciones:295
Tiempo de ejecucion:0.17998
---Datos Iniciales---
# name: Y
# type: matrix
# rows: 6
# columns: 6
 6.2988982445147688 0.87125606611117123 3.8077363278595229 9.1324842155272847 5.3142303597507539 2.5498795409690924
 0.87125606611117123 9.1475839543155519 6.029857526110348 6.1591612250174563 4.3875032906193052 7.6272889007973266
 3.8077363278595229 6.029857526110348 0.39938551737064731 5.4737742190928547 5.6503606736494243 2.8530947751689277
 9.1324842155272847 6.1591612250174563 5.4737742190928547 6.5602818978250816 0.40883116600131331 1.7567497394976654
 5.3142303597507539 4.3875032906193052 5.6503606736494243 0.40883116600131331 1.9149832248040977 6.2748084311197179
 2.5498795409690924 7.6272889007973266 2.8530947751689277 1.7567497394976654 6.2748084311197179 4.858544208123571


---Resultados---
-Norma resultado:1.107e-10
# name: lambda_res
# type: diagonal matrix
# rows: 6
# columns: 6
-0.99999999998880118
-0.99999999995729583
-0.99999999994543221
-0.99999999994543187
1.5253716068579037
2.4746283932133104


# name: Y_res
# type: matrix
# rows: 6
# columns: 6
 2.3425341176234762e-10 0 0.88018628053676817 1.000000000104291 0 0
 0 0 0.47462839324426681 0 0.99999999994543187 0.99999999994543221
 0.88018628053676817 0.47462839324426681 0 0.88018628042171532 0.47462839324426698 0.47462839324426687
 1.000000000104291 0 0.88018628042171532 0 0 0
 0 0.99999999994543187 0.47462839324426698 0 0 0.99999999994543209
 0 0.99999999994543221 0.47462839324426687 0 0.99999999994543209 0


#------------------------------------------#
-Simulacion N.2
Total de iteraciones:326
Tiempo de ejecucion:0.19108
---Datos Iniciales---
# name: Y
# type: matrix
# rows: 6
# columns: 6
 6.4607283691711013 5.7172730311356155 4.7702784335877384 9.1800937912897833 2.625381392730572 4.8669293258511681
 5.7172730311356155 2.9483085248081409 4.9486595160033033 4.2410726950799447 1.0846999467741592 4.0464976169071587
 4.7702784335877384 4.9486595160033033 8.1175803802844264 6.7707850452769209 8.3353487602654894 4.3668679482291726
 9.1800937912897833 4.2410726950799447 6.7707850452769209 6.8816138007739527 5.8420711879405776 7.1550078628783815
 2.625381392730572 1.0846999467741592 8.3353487602654894 5.8420711879405776 5.7582651410780006 1.9964704376522087
 4.8669293258511681 4.0464976169071587 4.3668679482291726 7.1550078628783815 1.9964704376522087 5.2500055505166969


---Resultados---
-Norma resultado:1.1187e-10
# name: lambda_res
# type: diagonal matrix
# rows: 6
# columns: 6
-0.99999999998868316
-0.99999999995684363
-0.99999999994485522
-0.99999999994485256
1.5253716068580523
2.4746283932139219


# name: Y_res
# type: matrix
# rows: 6
# columns: 6
 0 0.99999999994485333 0 0.47462839324520456 0 0.99999999994485278
 0.99999999994485333 0 0 0.47462839324520456 0 0.999999999944853
 0 0 0 0.88018628042070435 1.0000000001053986 0
 0.47462839324520456 0.47462839324520456 0.88018628042070435 0 0.88018628053697801 0.47462839324520478
 0 0 1.0000000001053986 0.88018628053697801 2.3674150835597642e-10 0
 0.99999999994485278 0.999999999944853 0 0.47462839324520478 0 0


#------------------------------------------#
-Simulacion N.3
Total de iteraciones:219
Tiempo de ejecucion:0.12803
---Datos Iniciales---
# name: Y
# type: matrix
# rows: 6
# columns: 6
 2.987588637716998 1.2821680556361565 4.1975986938663512 5.6474477587724436 2.8446264313846092 6.6464484305829572
 1.2821680556361565 5.2566659359444508 5.6500761578077787 3.4006161800702026 6.7959094804413125 3.4866925122195358
 4.1975986938663512 5.6500761578077787 4.061308080499078 5.4359370825154611 3.5808809289628156 3.3865746155452037
 5.6474477587724436 3.4006161800702026 5.4359370825154611 0.48817888401135767 7.7351071945540104 5.6982485919137735
 2.8446264313846092 6.7959094804413125 3.5808809289628156 7.7351071945540104 1.3567055181912679 5.8939462009373589
 6.6464484305829572 3.4866925122195358 3.3865746155452037 5.6982485919137735 5.8939462009373589 0.99438359388523412


---Resultados---
-Norma resultado:1.1131e-10
# name: lambda_res
# type: diagonal matrix
# rows: 6
# columns: 6
-0.99999999998637124
-0.99999999996122724
-0.99999999994429667
-0.99999999994389743
1.5253716068824736
2.4746283931986364


# name: Y_res
# type: matrix
# rows: 6
# columns: 6
 0 0.0068237027082522746 0.17715023943425418 0.99506008873445517 0.19522244042893594 0.99999984234166284
 0.0068237027082522746 2.4531694201684801e-10 0.98536972773480358 0.10606214944043249 0.98206829739459733 0.0062622832808720422
 0.17715023943425418 0.98536972773480358 0 0.27397945669048041 0.99983083300860565 0.17659765979207342
 0.99506008873445517 0.10606214944043249 0.27397945669048041 0 0.29162238450512301 0.99500419610538215
 0.19522244042893594 0.98206829739459733 0.99983083300860565 0.29162238450512301 0 0.19467178074537339
 0.99999984234166284 0.0062622832808720422 0.17659765979207342 0.99500419610538215 0.19467178074537339 0


#------------------------------------------#
-Simulacion N.4
Total de iteraciones:225
Tiempo de ejecucion:0.13107
---Datos Iniciales---
# name: Y
# type: matrix
# rows: 6
# columns: 6
 3.3266957973047049 3.8945284234030004 5.1654559826168942 8.6149562377278652 2.158212467033092 3.2951216192761996
 3.8945284234030004 2.1066962106994866 0.71394729463321427 8.6128180108932355 5.5292068208806464 3.9450420931971548
 5.1654559826168942 0.71394729463321427 4.4665946420052807 4.1807391009951038 7.0793954894654858 5.9669922160807962
 8.6149562377278652 8.6128180108932355 4.1807391009951038 9.8805224227183359 6.2464243352192987 5.302416029108163
 2.158212467033092 5.5292068208806464 7.0793954894654858 6.2464243352192987 8.7571970188552157 6.1411443755491781
 3.2951216192761996 3.9450420931971548 5.9669922160807962 5.302416029108163 6.1411443755491781 9.4154692756018505


---Resultados---
-Norma resultado:1.0771e-10
# name: lambda_res
# type: diagonal matrix
# rows: 6
# columns: 6
-0.99999999998759681
-0.99999999996248712
-0.9999999999459277
-0.99999999994590449
1.5253716068842196
2.4746283931950881


# name: Y_res
# type: matrix
# rows: 6
# columns: 6
 0 0.99901482475481185 0.079523772359255104 0.99856122800600022 0.2120142313212742 0.087525490746167278
 0.99901482475481185 0 0.12368257736325232 0.99995715525846496 0.25517419866456292 0.13164664899743922
 0.079523772359255104 0.12368257736325232 0 0.13286297621793275 0.99103171725640871 0.99996776128508247
 0.99856122800600022 0.99995715525846496 0.13286297621793275 2.3739341797054088e-10 0.26411359427473025 0.14081721726898316
 0.2120142313212742 0.25517419866456292 0.99103171725640871 0.26411359427473025 0 0.99207275291195463
 0.087525490746167278 0.13164664899743922 0.99996776128508247 0.14081721726898316 0.99207275291195463 0


#------------------------------------------#
-Simulacion N.5
Total de iteraciones:301
Tiempo de ejecucion:0.17545
---Datos Iniciales---
# name: Y
# type: matrix
# rows: 6
# columns: 6
 6.8985520980209873 4.8127901413883265 5.7983348809742514 7.8989711146694281 5.0385533591390104 5.7960526341846421
 4.8127901413883265 8.7700344163065935 8.5362250958751815 4.3267138337800874 8.954570083735284 7.7805172247639529
 5.7983348809742514 8.5362250958751815 4.9056626029164354 4.0166975686320141 0.54092502416206278 8.7989894652703082
 7.8989711146694281 4.3267138337800874 4.0166975686320141 4.5594849546084202 9.1580853707248764 6.524092339563488
 5.0385533591390104 8.954570083735284 0.54092502416206278 9.1580853707248764 8.5064706831909938 4.366566142975187
 5.7960526341846421 7.7805172247639529 8.7989894652703082 6.524092339563488 4.366566142975187 3.4646229334246437


---Resultados---
-Norma resultado:1.1196e-10
# name: lambda_res
# type: diagonal matrix
# rows: 6
# columns: 6
-0.99999999998867273
-0.99999999995680866
-0.99999999994480782
-0.99999999994480737
1.5253716068580632
2.474628393213965


# name: Y_res
# type: matrix
# rows: 6
# columns: 6
 0 0.47462839324527606 0.47462839324527628 0.88018628042062819 0.88018628053699599 0.47462839324527628
 0.47462839324527606 0 0.99999999994480793 0 0 0.99999999994480759
 0.47462839324527628 0.99999999994480793 0 0 0 0.99999999994480782
 0.88018628042062819 0 0 0 1.0000000001054836 0
 0.88018628053699599 0 0 1.0000000001054836 2.3693227160349443e-10 0
 0.47462839324527628 0.99999999994480759 0.99999999994480782 0 0 0


#------------------------------------------#
-Simulacion N.6
Total de iteraciones:218
Tiempo de ejecucion:0.12811
---Datos Iniciales---
# name: Y
# type: matrix
# rows: 6
# columns: 6
 6.5783183770976308 8.1315407259286374 3.8153641733162633 6.265036555822828 4.5629188794640445 5.7976803723334882
 8.1315407259286374 5.4358738122612991 5.4893771219836029 7.502799250726425 1.4370249163161253 2.3033788221238236
 3.8153641733162633 5.4893771219836029 1.986141415403827 3.2242362758406089 5.4887456510682266 5.567078085390853
 6.265036555822828 7.502799250726425 3.2242362758406089 7.251182182415425 4.0213411330462936 7.3353093593066863
 4.5629188794640445 1.4370249163161253 5.4887456510682266 4.0213411330462936 5.6765773786751978 7.2863417059856772
 5.7976803723334882 2.3033788221238236 5.567078085390853 7.3353093593066863 7.2863417059856772 8.8943456018628382


---Resultados---
-Norma resultado:1.1203e-10
# name: lambda_res
# type: diagonal matrix
# rows: 6
# columns: 6
-0.99999999998657685
-0.99999999996005062
-0.99999999994453626
-0.99999999994293798
1.5253716068796463
2.4746283932010678


# name: Y_res
# type: matrix
# rows: 6
# columns: 6
 0 0.99998147129492665 0.31184714350443632 0.98689068657849965 0.0060874424776009408 0.01365976528409195
 0.99998147129492665 0 0.3060574897613676 0.98588994771946181 0 0.0075726376551455872
 0.31184714350443632 0.3060574897613676 0 0.46110101037363277 0.95201303188409681 0.95430339758359428
 0.98689068657849965 0.98588994771946181 0.46110101037363277 0 0.16739477552105886 0.17485576321037388
 0.0060874424776009408 0 0.95201303188409681 0.16739477552105886 0 0.99997132727271887
 0.01365976528409195 0.0075726376551455872 0.95430339758359428 0.17485576321037388 0.99997132727271887 2.4661185397610651e-10


#------------------------------------------#
-Simulacion N.7
Total de iteraciones:349
Tiempo de ejecucion:0.20278
---Datos Iniciales---
# name: Y
# type: matrix
# rows: 6
# columns: 6
 0.081323673764917004 6.6892717798693226 9.2837815834076896 2.9914832853964421 2.8203811505665595 6.4215586957054569
 6.6892717798693226 9.1518287643030405 5.3433931927207974 2.8903643673770127 6.3353466953862032 4.2298486221113816
 9.2837815834076896 5.3433931927207974 7.4811884048427491 7.2697401059924056 5.8897684906324237 7.1782124309931721
 2.9914832853964421 2.8903643673770127 7.2697401059924056 1.3466378898960041 5.6234011081233133 2.2509066339582686
 2.8203811505665595 6.3353466953862032 5.8897684906324237 5.6234011081233133 3.4726270920291293 1.4485754364099099
 6.4215586957054569 4.2298486221113816 7.1782124309931721 2.2509066339582686 1.4485754364099099 0.54565860044906378


---Resultados---
-Norma resultado:1.1573e-10
# name: lambda_res
# type: diagonal matrix
# rows: 6
# columns: 6
-0.99999999998829003
-0.99999999995535105
-0.99999999994294786
-0.9999999999429473
1.5253716068585379
2.4746283932159217


# name: Y_res
# type: matrix
# rows: 6
# columns: 6
 0 0.88018628053767323 0.47462839324828665 0.47462839324828682 0.88018628041738189 0.47462839324828643
 0.88018628053767323 2.4492137623358897e-10 0 0 1.0000000001090406 0
 0.47462839324828665 0 0 0.99999999994294753 0 0.99999999994294753
 0.47462839324828682 0 0.99999999994294753 0 0 0.99999999994294719
 0.88018628041738189 1.0000000001090406 0 0 0 0
 0.47462839324828643 0 0.99999999994294753 0.99999999994294719 0 0


#------------------------------------------#
-Simulacion N.8
Total de iteraciones:1001
Tiempo de ejecucion:0.58249
---Datos Iniciales---
# name: Y
# type: matrix
# rows: 6
# columns: 6
 0.89330967831279584 3.6579310731747525 1.7843569207781995 3.3041591857402772 2.9557678897748123 3.1608466304458842
 3.6579310731747525 0.58989661889442546 5.6460237994953086 6.5690228677208147 3.0349011059700759 3.7715875870560214
 1.7843569207781995 5.6460237994953086 6.8372283889783647 1.8264962221866425 3.4674243541352259 1.7905879648165961
 3.3041591857402772 6.5690228677208147 1.8264962221866425 6.5559745297763943 5.7185518218434819 3.2357190744050772
 2.9557678897748123 3.0349011059700759 3.4674243541352259 5.7185518218434819 8.0535377494930653 4.7135452050586686
 3.1608466304458842 3.7715875870560214 1.7905879648165961 3.2357190744050772 4.7135452050586686 3.4486142765626315


---Resultados---
-Norma resultado:0.26269
# name: lambda_res
# type: diagonal matrix
# rows: 6
# columns: 6
-1.0000000000000004
-0.86865709828899951
-0.86865709828899851
-0.86865709828899784
1.5253716068440029
2.605971294866996


# name: Y_res
# type: matrix
# rows: 6
# columns: 6
 0 0 0 0.86865709828899895 0.86865709828899873 0.86865709828899906
 0 7.8635113754772644e-15 1.2350593535713206 0 1.6740417853276557e-13 0
 0 1.2350593535713206 0.52537160684399553 0 2.0666226964648985e-13 0
 0.86865709828899895 0 0 0 0.86865709828899862 0.86865709828899895
 0.86865709828899873 1.6740417853276557e-13 2.0666226964648985e-13 0.86865709828899862 0 0.86865709828899873
 0.86865709828899906 0 0 0.86865709828899895 0.86865709828899873 0


#------------------------------------------#
-Simulacion N.9
Total de iteraciones:304
Tiempo de ejecucion:0.1757
---Datos Iniciales---
# name: Y
# type: matrix
# rows: 6
# columns: 6
 3.8003233791015911 5.3912492326663592 6.9133881057291404 4.5774554968511065 4.4897402118437473 3.3943316600378592
 5.3912492326663592 5.344629518709092 4.8377985645350101 3.6454074476813298 1.9977675331390699 4.794463801255386
 6.9133881057291404 4.8377985645350101 6.9186202873003104 7.8476656642943619 4.884828254286294 2.4435660612150469
 4.5774554968511065 3.6454074476813298 7.8476656642943619 2.6172275876637654 4.0603898360540338 6.0085092841236181
 4.4897402118437473 1.9977675331390699 4.884828254286294 4.0603898360540338 8.750779162162484 3.266945228004611
 3.3943316600378592 4.794463801255386 2.4435660612150469 6.0085092841236181 3.266945228004611 8.9482754784183847


---Resultados---
-Norma resultado:1.0999e-10
# name: lambda_res
# type: diagonal matrix
# rows: 6
# columns: 6
-0.99999999998887357
-0.99999999995757027
-0.99999999994578137
-0.99999999994578104
1.5253716068578151
2.4746283932129431


# name: Y_res
# type: matrix
# rows: 6
# columns: 6
 0 0 0.99999999994578093 0.47462839324370132 0.99999999994578093 0
 0 0 0 0.88018628042232527 0 1.0000000001036233
 0.99999999994578093 0 0 0.47462839324370143 0.9999999999457807 0
 0.47462839324370132 0.88018628042232527 0.47462839324370143 0 0.4746283932437011 0.88018628053664116
 0.99999999994578093 0 0.9999999999457807 0.4746283932437011 0 0
 0 1.0000000001036233 0 0.88018628053664116 0 2.3275326876785041e-10


#------------------------------------------#
-Simulacion N.10
Total de iteraciones:341
Tiempo de ejecucion:0.1984
---Datos Iniciales---
# name: Y
# type: matrix
# rows: 6
# columns: 6
 5.542645597069277 6.8032256347151376 4.8901491520928317 6.5134544962296683 6.8267350448288555 8.5035040817034933
 6.8032256347151376 4.1420538665293893 7.8259419048230789 5.3432984316034933 5.5714091524988962 6.8432996140410385
 4.8901491520928317 7.8259419048230789 0.91139456124578633 5.5728913657007073 4.3095952895224796 6.155260630883836
 6.5134544962296683 5.3432984316034933 5.5728913657007073 8.0516777794750265 3.4685707952312539 4.7724311390700116
 6.8267350448288555 5.5714091524988962 4.3095952895224796 3.4685707952312539 4.9101829580728973 6.2022767447494287
 8.5035040817034933 6.8432996140410385 6.155260630883836 4.7724311390700116 6.2022767447494287 9.5152514403696777


---Resultados---
-Norma resultado:1.1388e-10
# name: lambda_res
# type: diagonal matrix
# rows: 6
# columns: 6
-0.99999999998847933
-0.99999999995606892
-0.99999999994386035
-0.99999999994385957
1.5253716068583072
2.4746283932149624


# name: Y_res
# type: matrix
# rows: 6
# columns: 6
 0 0.47462839324680883 0 0 0.99999999994386013 0.99999999994385969
 0.47462839324680883 0 0.88018628041897595 0.8801862805373416 0.47462839324680911 0.47462839324680894
 0 0.88018628041897595 0 1.0000000001072953 0 0
 0 0.8801862805373416 1.0000000001072953 2.410004438427701e-10 0 0
 0.99999999994386013 0.47462839324680911 0 0 0 0.99999999994386013
 0.99999999994385969 0.47462839324680894 0 0 0.99999999994386013 0


#------------------------------------------#
-Simulacion N.11
Total de iteraciones:1001
Tiempo de ejecucion:0.58343
---Datos Iniciales---
# name: Y
# type: matrix
# rows: 6
# columns: 6
 4.1816646263884092 8.7392755077108273 3.2961104192323143 3.2880370687220397 6.4650048761443326 4.7420345136250228
 8.7392755077108273 3.4942058356258778 2.7754135949087408 5.7406006520344066 5.360100978681178 5.3180429102874287
 3.2961104192323143 2.7754135949087408 9.6139176395257131 1.7993656616268785 4.4272670083862522 1.7031956667046966
 3.2880370687220397 5.7406006520344066 1.7993656616268785 8.105322040472128 5.6513431294938226 7.0749004689439587
 6.4650048761443326 5.360100978681178 4.4272670083862522 5.6513431294938226 0.95514953874049513 5.688614509497949
 4.7420345136250228 5.3180429102874287 1.7031956667046966 7.0749004689439587 5.688614509497949 1.8346288520674958


---Resultados---
-Norma resultado:0.26269
# name: lambda_res
# type: diagonal matrix
# rows: 6
# columns: 6
-0.99999999999999944
-0.86865709828899973
-0.86865709828899884
-0.86865709828899851
1.5253716068440042
2.6059712948669973


# name: Y_res
# type: matrix
# rows: 6
# columns: 6
 0 0.8686570982889994 1.9384715518247271e-13 0.86865709828899906 1.5677563703909323e-13 0.86865709828899929
 0.8686570982889994 0 0 0.8686570982889994 0 0.86865709828899962
 1.9384715518247271e-13 0 0.52537160684399298 0 1.2350593535713215 0
 0.86865709828899906 0.8686570982889994 0 0 0 0.86865709828899917
 1.5677563703909323e-13 0 1.2350593535713215 0 1.1087351480497472e-14 0
 0.86865709828899929 0.86865709828899962 0 0.86865709828899917 0 0


#------------------------------------------#
-Simulacion N.12
Total de iteraciones:223
Tiempo de ejecucion:0.12854
---Datos Iniciales---
# name: Y
# type: matrix
# rows: 6
# columns: 6
 1.7097792370963072 5.6255423110411762 8.5923501280295564 6.4326852815263553 7.8038046499485052 5.1387047575917899
 5.6255423110411762 6.1384553915115827 1.8838691298744541 5.225099285207615 6.3961761588940824 8.5468251969416063
 8.5923501280295564 1.8838691298744541 8.0567001267984288 6.5054623364360058 8.2168504337697019 4.3621793140300813
 6.4326852815263553 5.225099285207615 6.5054623364360058 3.1002415171110744 2.7964938261167345 7.4792488778795336
 7.8038046499485052 6.3961761588940824 8.2168504337697019 2.7964938261167345 3.399927896640432 8.5844193343175714
 5.1387047575917899 8.5468251969416063 4.3621793140300813 7.4792488778795336 8.5844193343175714 3.5329511218897203


---Resultados---
-Norma resultado:1.1067e-10
# name: lambda_res
# type: diagonal matrix
# rows: 6
# columns: 6
-0.99999999998664257
-0.99999999995962097
-0.99999999994570754
-0.999999999943885
1.5253716068790504
2.474628393200724


# name: Y_res
# type: matrix
# rows: 6
# columns: 6
 0 0 1.000000000102812 0.21713584244877968 0.96224510097888871 0
 0 0 0 0.9761413964240524 0.27218443298572192 0.99999999994570743
 1.000000000102812 0 2.4391916492498875e-10 0.21713584248286016 0.96224510111562822 0
 0.21713584244877968 0.9761413964240524 0.21713584248286016 0 0.47462839316912753 0.97614139642405218
 0.96224510097888871 0.27218443298572192 0.96224510111562822 0.47462839316912753 0 0.27218443298572204
 0 0.99999999994570743 0 0.97614139642405218 0.27218443298572204 0


#------------------------------------------#
-Simulacion N.13
Total de iteraciones:340
Tiempo de ejecucion:0.19769
---Datos Iniciales---
# name: Y
# type: matrix
# rows: 6
# columns: 6
 8.2220201216282565 3.3952818079925007 2.81572486924739 2.7100206798234616 4.1648270048016709 0.81127725655797955
 3.3952818079925007 4.4722321633668756 5.2948356111950394 1.904368510526909 5.3284310424956676 6.7893038167686486
 2.81572486924739 5.2948356111950394 2.5927947019376649 3.9628415238921209 2.7160707246341529 5.1199869257508741
 2.7100206798234616 1.904368510526909 3.9628415238921209 3.1750940785775459 2.5471334593071027 6.9891323462231956
 4.1648270048016709 5.3284310424956676 2.7160707246341529 2.5471334593071027 0.65445181090576066 3.6547393079162998
 0.81127725655797955 6.7893038167686486 5.1199869257508741 6.9891323462231956 3.6547393079162998 9.3708667681247029


---Resultados---
-Norma resultado:1.1545e-10
# name: lambda_res
# type: diagonal matrix
# rows: 6
# columns: 6
-0.99999999998831968
-0.99999999995546129
-0.99999999994308519
-0.99999999994308508
1.525371606858503
2.4746283932157755


# name: Y_res
# type: matrix
# rows: 6
# columns: 6
 2.4432674047378546e-10 0.88018628053762438 0 0 1.0000000001087768 0
 0.88018628053762438 0 0.47462839324806261 0.47462839324806216 0.88018628041762481 0.47462839324806227
 0 0.47462839324806261 0 0.99999999994308486 0 0.99999999994308508
 0 0.47462839324806216 0.99999999994308486 0 0 0.99999999994308508
 1.0000000001087768 0.88018628041762481 0 0 0 0
 0 0.47462839324806227 0.99999999994308508 0.99999999994308508 0 0


#------------------------------------------#
-Simulacion N.14
Total de iteraciones:318
Tiempo de ejecucion:0.18506
---Datos Iniciales---
# name: Y
# type: matrix
# rows: 6
# columns: 6
 8.6383532704183636 5.0816189446458733 6.6475544170548551 0.63321084488306922 4.3326076787792331 6.0259487572742163
 5.0816189446458733 5.3853235332394629 4.7337728577425207 4.8370480424182869 7.0961906489578572 4.6232012384787344
 6.6475544170548551 4.7337728577425207 0.34460273625684046 1.4552984546144558 6.323934959228982 4.7771345091133757
 0.63321084488306922 4.8370480424182869 1.4552984546144558 6.2922251839258161 5.3583996706785717 5.7130278261500145
 4.3326076787792331 7.0961906489578572 6.323934959228982 5.3583996706785717 0.47100897057674951 1.2439646843230228
 6.0259487572742163 4.6232012384787344 4.7771345091133757 5.7130278261500145 1.2439646843230228 7.1342231381429846


---Resultados---
-Norma resultado:1.1108e-10
# name: lambda_res
# type: diagonal matrix
# rows: 6
# columns: 6
-0.99999999998876121
-0.9999999999571475
-0.99999999994524247
-0.99999999994524225
1.5253716068579526
2.4746283932135107


# name: Y_res
# type: matrix
# rows: 6
# columns: 6
 2.3506972615365687e-10 0 1.0000000001046538 0 0 0.88018628053683667
 0 0 0 0.99999999994524236 0.9999999999452418 0.47462839324457429
 1.0000000001046538 0 0 0 0 0.88018628042138369
 0 0.99999999994524236 0 0 0.99999999994524214 0.47462839324457429
 0 0.9999999999452418 0 0.99999999994524214 0 0.47462839324457434
 0.88018628053683667 0.47462839324457429 0.88018628042138369 0.47462839324457429 0.47462839324457434 0


#------------------------------------------#
-Simulacion N.15
Total de iteraciones:295
Tiempo de ejecucion:0.17345
---Datos Iniciales---
# name: Y
# type: matrix
# rows: 6
# columns: 6
 6.063724656599109 6.422270592841187 6.8105002689843062 6.1377352613974505 6.5259824258311179 5.4015161852294948
 6.422270592841187 2.4971828946851327 4.6583166142644918 7.2815463945424002 9.5512109710273521 0.62348860014585394
 6.8105002689843062 4.6583166142644918 1.156127475274582 3.5970753944234364 2.5315607823283877 5.5284652881125655
 6.1377352613974505 7.2815463945424002 3.5970753944234364 9.1419656252086927 6.3011634767466926 5.6608905233881117
 6.5259824258311179 9.5512109710273521 2.5315607823283877 6.3011634767466926 4.1460436345354577 9.1375783049950403
 5.4015161852294948 0.62348860014585394 5.5284652881125655 5.6608905233881117 9.1375783049950403 1.3954830001050977


---Resultados---
-Norma resultado:1.0955e-10
# name: lambda_res
# type: diagonal matrix
# rows: 6
# columns: 6
-0.99999999998891709
-0.99999999995773969
-0.99999999994599897
-0.99999999994599842
1.525371606857759
2.4746283932127144


# name: Y_res
# type: matrix
# rows: 6
# columns: 6
 0 0 0.99999999994599786 0 0.47462839324334993 0.99999999994599809
 0 0 0 1.0000000001032081 0.88018628042270364 0
 0.99999999994599786 0 0 0 0.47462839324334993 0.9999999999459982
 0 1.0000000001032081 0 2.3182094961455048e-10 0.88018628053656123 0
 0.47462839324334993 0.88018628042270364 0.47462839324334993 0.88018628053656123 0 0.47462839324335016
 0.99999999994599809 0 0.9999999999459982 0 0.47462839324335016 0


#------------------------------------------#
-Simulacion N.16
Total de iteraciones:309
Tiempo de ejecucion:0.18225
---Datos Iniciales---
# name: Y
# type: matrix
# rows: 6
# columns: 6
 1.2390057325314074 7.9406173063461907 6.0081376326072338 3.663400028239765 7.6312758084203285 2.8281295328016403
 7.9406173063461907 2.1714946760869847 7.6158519521204902 2.8435158856822529 8.9923069084959337 3.6719764726263162
 6.0081376326072338 7.6158519521204902 9.7279114523253423 4.5092948999086113 9.330187793829591 4.070785120665529
 3.663400028239765 2.8435158856822529 4.5092948999086113 2.5260810064922721 7.2486364959401897 7.0977842417866697
 7.6312758084203285 8.9923069084959337 9.330187793829591 7.2486364959401897 3.1591404475926788 7.428289567322242
 2.8281295328016403 3.6719764726263162 4.070785120665529 7.0977842417866697 7.428289567322242 7.4322944481374815


---Resultados---
-Norma resultado:1.1199e-10
# name: lambda_res
# type: diagonal matrix
# rows: 6
# columns: 6
-0.99999999998867051
-0.99999999995679723
-0.99999999994479405
-0.99999999994479272
1.5253716068580667
2.4746283932139832


# name: Y_res
# type: matrix
# rows: 6
# columns: 6
 0 0.99999999994479305 0.99999999994479283 0 0.47462839324529971 0
 0.99999999994479305 0 0.99999999994479249 0 0.47462839324529937 0
 0.99999999994479283 0.99999999994479249 0 0 0.47462839324529948 0
 0 0 0 0 0.88018628042060221 1.0000000001055114
 0.47462839324529971 0.47462839324529937 0.47462839324529948 0.88018628042060221 0 0.88018628053700032
 0 0 0 1.0000000001055114 0.88018628053700032 2.3699393481943844e-10


#------------------------------------------#
-Simulacion N.17
Total de iteraciones:252
Tiempo de ejecucion:0.14786
---Datos Iniciales---
# name: Y
# type: matrix
# rows: 6
# columns: 6
 9.9483723262944306 8.0252663351069913 3.4162842008669561 1.3749705913125099 6.111273028336333 5.2738929051857113
 8.0252663351069913 8.5871144324861319 6.9925547751765151 9.1411344072581855 3.1286484511443824 6.8637442063495104
 3.4162842008669561 6.9925547751765151 0.23309796081658174 6.0058599525921714 1.6151254990291926 1.6607742942948529
 1.3749705913125099 9.1411344072581855 6.0058599525921714 0.88925085472079224 6.6474659046437035 7.1229702771330974
 6.111273028336333 3.1286484511443824 1.6151254990291926 6.6474659046437035 5.3112390092983999 8.4271926729877205
 5.2738929051857113 6.8637442063495104 1.6607742942948529 7.1229702771330974 8.4271926729877205 1.916669039150769


---Resultados---
-Norma resultado:1.1449e-10
# name: lambda_res
# type: diagonal matrix
# rows: 6
# columns: 6
-0.99999999998702971
-0.99999999995866651
-0.99999999994221633
-0.99999999994203137
1.5253716068688161
2.4746283932094224


# name: Y_res
# type: matrix
# rows: 6
# columns: 6
 2.4829640581214554e-10 0.023987667258098776 0 0 1.0000000001082587 0.89131823888706996
 0.023987667258098776 0 0.99971225445378731 0.99971225445378742 0.023987667251952192 0.47462839323742345
 0 0.99971225445378731 0 0.99999999994221489 0 0.45337820543680624
 0 0.99971225445378742 0.99999999994221489 0 0 0.45337820543680618
 1.0000000001082587 0.023987667251952192 0 0 0 0.89131823876098748
 0.89131823888706996 0.47462839323742345 0.45337820543680624 0.45337820543680618 0.89131823876098748 0


#------------------------------------------#
-Simulacion N.18
Total de iteraciones:326
Tiempo de ejecucion:0.18974
---Datos Iniciales---
# name: Y
# type: matrix
# rows: 6
# columns: 6
 9.0661940637685632 5.8777845458761639 3.3369685749664537 8.5789506546331538 8.4211184318652634 4.8196549470850769
 5.8777845458761639 6.9722058235683644 7.2835199423610089 7.730288465834307 3.738890912980855 5.7974212738615361
 3.3369685749664537 7.2835199423610089 5.806379341917153 7.2684654229794461 5.2651894620232307 6.9521689497963859
 8.5789506546331538 7.730288465834307 7.2684654229794461 0.52126510016830552 3.6339610279374468 7.0681382489556253
 8.4211184318652634 3.738890912980855 5.2651894620232307 3.6339610279374468 7.0825146315354095 5.9866881626970034
 4.8196549470850769 5.7974212738615361 6.9521689497963859 7.0681382489556253 5.9866881626970034 7.477110492682872


---Resultados---
-Norma resultado:1.1564e-10
# name: lambda_res
# type: diagonal matrix
# rows: 6
# columns: 6
-0.9999999999883008
-0.99999999995538891
-0.99999999994299182
-0.99999999994299138
1.5253716068585261
2.4746283932158755


# name: Y_res
# type: matrix
# rows: 6
# columns: 6
 2.4472925398144803e-10 0 0 0.88018628053765779 1.0000000001089555 0
 0 0 0.99999999994299171 0.47462839324821393 0 0.99999999994299205
 0 0.99999999994299171 0 0.47462839324821393 0 0.99999999994299194
 0.88018628053765779 0.47462839324821393 0.47462839324821393 0 0.88018628041746039 0.47462839324821426
 1.0000000001089555 0 0 0.88018628041746039 0 0
 0 0.99999999994299205 0.99999999994299194 0.47462839324821426 0 0


#------------------------------------------#
-Simulacion N.19
Total de iteraciones:321
Tiempo de ejecucion:0.1872
---Datos Iniciales---
# name: Y
# type: matrix
# rows: 6
# columns: 6
 9.3714553936844815 4.0568079964880148 5.7781674180405176 4.9160097362823238 5.1894401414429225 4.3315198801354713
 4.0568079964880148 4.977592907504464 6.3083790469387839 6.9237034483462123 7.5784025480541342 4.0675095810568287
 5.7781674180405176 6.3083790469387839 1.4061346085348669 9.0745446723625207 4.3910929713513998 7.5654004887542516
 4.9160097362823238 6.9237034483462123 9.0745446723625207 7.5754218772154189 6.8071273694450127 1.5394977501731422
 5.1894401414429225 7.5784025480541342 4.3910929713513998 6.8071273694450127 6.1161034001243264 4.8513361132003485
 4.3315198801354713 4.0675095810568287 7.5654004887542516 1.5394977501731422 4.8513361132003485 2.7299579203854107


---Resultados---
-Norma resultado:1.1439e-10
# name: lambda_res
# type: diagonal matrix
# rows: 6
# columns: 6
-0.99999999998842848
-0.99999999995587396
-0.99999999994361111
-0.99999999994361055
1.5253716068583687
2.4746283932152222


# name: Y_res
# type: matrix
# rows: 6
# columns: 6
 2.4206745846532822e-10 0 0.88018628053743231 0 0 1.0000000001077705
 0 0 0.47462839324721068 0.99999999994361066 0.99999999994361055 0
 0.88018628053743231 0.47462839324721068 0 0.47462839324721068 0.47462839324721096 0.88018628041854252
 0 0.99999999994361066 0.47462839324721068 0 0.99999999994361133 0
 0 0.99999999994361055 0.47462839324721096 0.99999999994361133 0 0
 1.0000000001077705 0 0.88018628041854252 0 0 0


#------------------------------------------#
-Simulacion N.20
Total de iteraciones:212
Tiempo de ejecucion:0.12409
---Datos Iniciales---
# name: Y
# type: matrix
# rows: 6
# columns: 6
 6.938723336445614 7.1343620533025121 1.8051495611703967 5.2584375583916518 3.252989810482612 5.5724249919737048
 7.1343620533025121 9.0407340003924244 9.8567357468698873 7.2354413865667659 1.4608567615206129 8.3494535665804896
 1.8051495611703967 9.8567357468698873 8.0442710116034721 5.0758693051695163 7.4152425567150093 8.0500620648772205
 5.2584375583916518 7.2354413865667659 5.0758693051695163 5.6747824490760213 4.4795936999098283 4.234103537785022
 3.252989810482612 1.4608567615206129 7.4152425567150093 4.4795936999098283 2.4415411807276133 3.8598678672025852
 5.5724249919737048 8.3494535665804896 8.0500620648772205 4.234103537785022 3.8598678672025852 9.2811439518692858


---Resultados---
-Norma resultado:1.1171e-10
# name: lambda_res
# type: diagonal matrix
# rows: 6
# columns: 6
-0.99999999998653866
-0.99999999995924682
-0.99999999994518385
-0.99999999994344124
1.5253716068800427
2.4746283932006934


# name: Y_res
# type: matrix
# rows: 6
# columns: 6
 0 0.97404738704281779 0 0.99999999994518429 0 0.26308550456229796
 0.97404738704281779 0 0.22634417973291182 0.97404738704281735 0.22634417969715193 0.47462839316580352
 0 0.22634417973291182 2.4632408218533473e-10 0 1.000000000103709 0.96477252110198919
 0.99999999994518429 0.97404738704281735 0 0 0 0.26308550456229773
 0 0.22634417969715193 1.000000000103709 0 0 0.96477252096345856
 0.26308550456229796 0.47462839316580352 0.96477252110198919 0.26308550456229773 0.96477252096345856 0


#------------------------------------------#
-Simulacion N.21
Total de iteraciones:369
Tiempo de ejecucion:0.21333
---Datos Iniciales---
# name: Y
# type: matrix
# rows: 6
# columns: 6
 2.9354357887520175 6.2897463998470524 0.92546136332363194 3.1811061113733929 1.8993366704826848 4.991972926783669
 6.2897463998470524 6.8191469426290441 6.0152165094943815 4.4965722374092731 5.5582294516382644 7.2125421542115751
 0.92546136332363194 6.0152165094943815 2.7973396043584478 5.5459715910021199 5.4855921623841262 3.5384037644115391
 3.1811061113733929 4.4965722374092731 5.5459715910021199 7.3523850870888747 4.1903643573039346 1.6736780299526552
 1.8993366704826848 5.5582294516382644 5.4855921623841262 4.1903643573039346 8.535846887226155 7.8343156103152642
 4.991972926783669 7.2125421542115751 3.5384037644115391 1.6736780299526552 7.8343156103152642 5.8959039978180385


---Resultados---
-Norma resultado:1.109e-10
# name: lambda_res
# type: diagonal matrix
# rows: 6
# columns: 6
-0.99999999998877986
-0.99999999995721811
-0.99999999994533095
-0.99999999994533051
1.5253716068579315
2.4746283932134192


# name: Y_res
# type: matrix
# rows: 6
# columns: 6
 0 0.47462839324443168 0 0 0.99999999994532995 0.99999999994533018
 0.47462839324443168 0 0.88018628042153768 0.88018628053680592 0.47462839324443185 0.47462839324443185
 0 0.88018628042153768 0 1.0000000001044862 0 0
 0 0.88018628053680592 1.0000000001044862 2.3469197065200442e-10 0 0
 0.99999999994532995 0.47462839324443185 0 0 0 0.9999999999453304
 0.99999999994533018 0.47462839324443185 0 0 0.9999999999453304 0


#------------------------------------------#
-Simulacion N.22
Total de iteraciones:321
Tiempo de ejecucion:0.19427
---Datos Iniciales---
# name: Y
# type: matrix
# rows: 6
# columns: 6
 5.4743122691811337 8.374030510288085 1.4819263891501122 4.3797594508218847 3.5347849423374962 6.5710771882666323
 8.374030510288085 0.22553064607900852 7.2725861514543357 4.5095027353468717 2.9589072182320169 4.0683602415148279
 1.4819263891501122 7.2725861514543357 4.363166382732981 3.1740446753026927 2.9770224587281886 5.3277172720066268
 4.3797594508218847 4.5095027353468717 3.1740446753026927 5.5759270839420445 8.6683311992304475 6.094502879248104
 3.5347849423374962 2.9589072182320169 2.9770224587281886 8.6683311992304475 6.0230707345181909 4.9376173757762221
 6.5710771882666323 4.0683602415148279 5.3277172720066268 6.094502879248104 4.9376173757762221 7.9734557812465905


---Resultados---
-Norma resultado:1.0942e-10
# name: lambda_res
# type: diagonal matrix
# rows: 6
# columns: 6
-0.99999999998893074
-0.9999999999577901
-0.9999999999460637
-0.99999999994606281
1.5253716068577443
2.4746283932126509


# name: Y_res
# type: matrix
# rows: 6
# columns: 6
 0 0.99999999994606237 0.99999999994606237 0 0 0.47462839324324774
 0.99999999994606237 0 0.99999999994606259 0 0 0.4746283932432479
 0.99999999994606237 0.99999999994606259 0 0 0 0.47462839324324779
 0 0 0 0 1.0000000001030869 0.88018628042281488
 0 0 0 1.0000000001030869 2.315489955635593e-10 0.88018628053653891
 0.47462839324324774 0.4746283932432479 0.47462839324324779 0.88018628042281488 0.88018628053653891 0


#------------------------------------------#
-Simulacion N.23
Total de iteraciones:246
Tiempo de ejecucion:0.14652
---Datos Iniciales---
# name: Y
# type: matrix
# rows: 6
# columns: 6
 2.5418889679490055 8.4314503284438267 1.804491180473569 7.3005645322853985 4.7813626161907479 5.2568923284106042
 8.4314503284438267 9.1081045166211148 4.5847706493717393 3.0663688802851654 4.8419244455221788 3.9434214363896904
 1.804491180473569 4.5847706493717393 6.1281373641023507 2.5972805762004807 5.4969053393441909 4.7079936354100909
 7.3005645322853985 3.0663688802851654 2.5972805762004807 5.5403762174143187 1.1116145924841954 7.6703119900955636
 4.7813626161907479 4.8419244455221788 5.4969053393441909 1.1116145924841954 2.7647302723380065 1.7219447559079681
 5.2568923284106042 3.9434214363896904 4.7079936354100909 7.6703119900955636 1.7219447559079681 4.8927897572434915


---Resultados---
-Norma resultado:1.1015e-10
# name: lambda_res
# type: diagonal matrix
# rows: 6
# columns: 6
-0.99999999998738509
-0.99999999996019362
-0.99999999994461186
-0.99999999994413324
1.525371606868507
2.4746283932070341


# name: Y_res
# type: matrix
# rows: 6
# columns: 6
 0 0.47462839322974909 0.43988946486750602 0.89805192435369574 0.43988946486750546 0.89805192423104252
 0.47462839322974909 0 0.99923701275881949 0.039056269956079998 0.99923701275881904 0.03905626994803317
 0.43988946486750602 0.99923701275881949 0 0 0.99999999994461297 0
 0.89805192435369574 0.039056269956079998 0 2.392174577206975e-10 0 1.0000000001039977
 0.43988946486750546 0.99923701275881904 0.99999999994461297 0 0 0
 0.89805192423104252 0.03905626994803317 0 1.0000000001039977 0 0


#------------------------------------------#
-Simulacion N.24
Total de iteraciones:222
Tiempo de ejecucion:0.12986
---Datos Iniciales---
# name: Y
# type: matrix
# rows: 6
# columns: 6
 1.187963545490488 6.2327334826182472 5.3942673821272065 3.5844712365290765 6.6037166325810004 4.6052514632445813
 6.2327334826182472 3.9720996822456378 6.8383776873623816 5.579059119132749 5.1515569322949037 6.2395129009302854
 5.3942673821272065 6.8383776873623816 8.4457699137873323 1.978296528458694 1.7553945578414987 8.3638985955977816
 3.5844712365290765 5.579059119132749 1.978296528458694 1.5477443059791718 6.0280281823312363 3.8889287741019936
 6.6037166325810004 5.1515569322949037 1.7553945578414987 6.0280281823312363 7.0944410644883487 7.6766896529294542
 4.6052514632445813 6.2395129009302854 8.3638985955977816 3.8889287741019936 7.6766896529294542 0.80273074055783433


---Resultados---
-Norma resultado:1.0593e-10
# name: lambda_res
# type: diagonal matrix
# rows: 6
# columns: 6
-0.99999999998712652
-0.99999999996299782
-0.99999999994707389
-0.99999999994666799
1.5253716068812697
2.4746283931961175


# name: Y_res
# type: matrix
# rows: 6
# columns: 6
 0 0.31679416227441326 0.15124730171401285 0.98944427934812151 0.9898024029160295 0.2913744338577966
 0.31679416227441326 0 0.98549705281201982 0.17600022875735805 0.17845326989358451 0.9996439939006363
 0.15124730171401285 0.98549705281201982 2.3352210091222795e-10 0.0064040431751972559 0.0088964675519132043 0.98967380722503084
 0.98944427934812151 0.17600022875735805 0.0064040431751972559 0 0.99999689367563904 0.14967288114089192
 0.9898024029160295 0.17845326989358451 0.0088964675519132043 0.99999689367563904 0 0.15213683505857434
 0.2913744338577966 0.9996439939006363 0.98967380722503084 0.14967288114089192 0.15213683505857434 0


#------------------------------------------#
-Simulacion N.25
Total de iteraciones:225
Tiempo de ejecucion:0.1311
---Datos Iniciales---
# name: Y
# type: matrix
# rows: 6
# columns: 6
 2.9502219190889445 6.5895006274830976 3.5372058554144123 6.1851871058213286 5.199133970728627 8.2482363318455043
 6.5895006274830976 8.360743927597893 6.6221899554754167 3.6205647969560202 6.3621946702740964 4.4492294200679954
