#Resultados de la simulacion de P2.
#------------------------------------------#
-Precision:eps(10^-10)
-Dimension:10
-Maximo de Iteraciones:1000
-Maximo de Simulaciones:100
-Valor de k:0.71775
# name: lambda
# type: diagonal matrix
# rows: 6
# columns: 6
-1
-1
-1
-1
1.7177516452157
2.2822483547842998


#------------------------------------------#
-Simulacion N.1
Total de iteraciones:237
Tiempo de ejecucion:0.14321
---Datos Iniciales---
# name: Y
# type: matrix
# rows: 6
# columns: 6
 5.9177771686260847 3.1694120576797449 3.9780239552326893 9.0685185934381476 6.6822446954498584 7.1711608706436136
 3.1694120576797449 7.2504972028478951 7.7560723873896658 4.9833314090287937 5.2119942452701746 7.9692687468411219
 3.9780239552326893 7.7560723873896658 4.8227674488406098 6.9100234386212502 2.5091689018378487 2.5175611449760198
 9.0685185934381476 4.9833314090287937 6.9100234386212502 4.4559197610959433 4.1902929063434549 5.0828218551586106
 6.6822446954498584 5.2119942452701746 2.5091689018378487 4.1902929063434549 8.1772794557820667 2.7836753987142311
 7.1711608706436136 7.9692687468411219 2.5175611449760198 5.0828218551586106 2.7836753987142311 5.7926983828113707


---Resultados---
-Norma resultado:1.1423e-10
# name: lambda_res
# type: diagonal matrix
# rows: 6
# columns: 6
-0.99999999998675049
-0.99999999995932487
-0.99999999994287114
-0.99999999994287037
1.7177516452423116
2.2822483548379608


# name: Y_res
# type: matrix
# rows: 6
# columns: 6
 0 0 0 0.95934137099822658 1.0000000001067146 0
 0 0 0.99999999994287014 0.28224835483945282 0 0.99999999994287081
 0 0.99999999994287014 0 0.28224835483945271 0 0.99999999994287081
 0.95934137099822658 0.28224835483945282 0.28224835483945271 0 0.95934137113453977 0.28224835483945299
 1.0000000001067146 0 0 0.95934137113453977 2.4845590005786896e-10 0
 0 0.99999999994287081 0.99999999994287081 0.28224835483945299 0 0


#------------------------------------------#
-Simulacion N.2
Total de iteraciones:375
Tiempo de ejecucion:0.21387
---Datos Iniciales---
# name: Y
# type: matrix
# rows: 6
# columns: 6
 7.2160721543580744 3.8734521959626349 2.9288019594343719 7.0654568007680014 4.3685656287052304 7.7408893865936408
 3.8734521959626349 6.7668526116866481 5.6869252604102467 2.5089067370334135 3.1058537137237261 7.0567683566481616
 2.9288019594343719 5.6869252604102467 9.8034359559302509 4.0378806118226365 1.9943448624649425 5.1758414843665825
 7.0654568007680014 2.5089067370334135 4.0378806118226365 5.8682850413902967 1.9502004313806736 6.5646913249068888
 4.3685656287052304 3.1058537137237261 1.9943448624649425 1.9502004313806736 3.0161477880550835 4.0818737628566293
 7.7408893865936408 7.0567683566481616 5.1758414843665825 6.5646913249068888 4.0818737628566293 3.755583519356418


---Resultados---
-Norma resultado:1.1197e-10
# name: lambda_res
# type: diagonal matrix
# rows: 6
# columns: 6
-0.99999999998701239
-0.99999999996013056
-0.99999999994400013
-0.99999999994399835
1.7177516452417882
2.2822483548369012


# name: Y_res
# type: matrix
# rows: 6
# columns: 6
 0 0 0 0.9999999999439988 0.9999999999439988 0.28224835483836319
 0 0 1.0000000001046065 0 0 0.95934137099938921
 0 1.0000000001046065 2.4354703142544432e-10 0 0 0.95934137113300899
 0.9999999999439988 0 0 0 0.99999999994399946 0.28224835483836314
 0.9999999999439988 0 0 0.99999999994399946 0 0.28224835483836291
 0.28224835483836319 0.95934137099938921 0.95934137113300899 0.28224835483836314 0.28224835483836291 0


#------------------------------------------#
-Simulacion N.3
Total de iteraciones:243
Tiempo de ejecucion:0.13805
---Datos Iniciales---
# name: Y
# type: matrix
# rows: 6
# columns: 6
 4.3699889643933796 3.041563848645267 5.7235740944616502 4.0841299031170717 5.8715784664839825 2.3172913418746699
 3.041563848645267 4.8772564208521407 5.151360623235874 5.2098548922442909 2.6791934124632983 1.3168834437822365
 5.7235740944616502 5.151360623235874 5.4024956650334746 3.9915377791148448 6.3532551270976967 7.9546514456817903
 4.0841299031170717 5.2098548922442909 3.9915377791148448 1.3301937841157518 4.1480054701268019 3.2657319053136087
 5.8715784664839825 2.6791934124632983 6.3532551270976967 4.1480054701268019 5.3807240474880045 9.5017210880947189
 2.3172913418746699 1.3168834437822365 7.9546514456817903 3.2657319053136087 9.5017210880947189 6.9983951029048086


---Resultados---
-Norma resultado:1.1089e-10
# name: lambda_res
# type: diagonal matrix
# rows: 6
# columns: 6
-0.99999999998713729
-0.99999999996051547
-0.99999999994454092
-0.99999999994453947
1.7177516452415362
2.2822483548363959


# name: Y_res
# type: matrix
# rows: 6
# columns: 6
 0 0.99999999994453992 0.28224835483784155 0.99999999994454014 0 0
 0.99999999994453992 0 0.28224835483784155 0.99999999994454014 0 0
 0.28224835483784155 0.28224835483784155 0 0.28224835483784172 0.95934137099994521 0.95934137113227513
 0.99999999994454014 0.99999999994454014 0.28224835483784172 0 0 0
 0 0 0.95934137099994521 0 0 1.0000000001035967
 0 0 0.95934137113227513 0 1.0000000001035967 2.4119659487084018e-10


#------------------------------------------#
-Simulacion N.4
Total de iteraciones:222
Tiempo de ejecucion:0.12644
---Datos Iniciales---
# name: Y
# type: matrix
# rows: 6
# columns: 6
 3.5144905440017493 2.4534539882228867 3.7788082219615005 5.038807871670957 2.2781678368920733 4.5049142022783579
 2.4534539882228867 4.9896588035796743 2.4376241543965778 5.7938784957369496 2.71564762140761 1.7368715878121415
 3.7788082219615005 2.4376241543965778 2.3017034626628385 2.432686160642489 3.5665247112008029 5.3011379719563561
 5.038807871670957 5.7938784957369496 2.432686160642489 6.1555018847944005 4.1960135766287454 1.2017519946455568
 2.2781678368920733 2.71564762140761 3.5665247112008029 4.1960135766287454 8.8742170980535455 1.5109442115915572
 4.5049142022783579 1.7368715878121415 5.3011379719563561 1.2017519946455568 1.5109442115915572 5.928474602554954


---Resultados---
-Norma resultado:1.1371e-10
# name: lambda_res
# type: diagonal matrix
# rows: 6
# columns: 6
-0.99999999998651301
-0.99999999996061761
-0.9999999999426965
-0.99999999994269506
1.7177516452541719
2.2822483548287273


# name: Y_res
# type: matrix
# rows: 6
# columns: 6
 0 0.23651388734554918 0.9806885638439955 0.23688502602518138 0.23673709447909957 0.97256345180669079
 0.23651388734554918 0 0.041919402862034633 0.99999992698305251 0.99999997355446446 0.0039873654604279003
 0.9806885638439955 0.041919402862034633 0 0.042301057852250246 0.042148931106890414 0.99928020100673098
 0.23688502602518138 0.99999992698305251 0.042301057852250246 0 0.99999998835075454 0.004369355955805258
 0.23673709447909957 0.99999997355446446 0.042148931106890414 0.99999998835075454 0 0.0042170948148432842
 0.97256345180669079 0.0039873654604279003 0.99928020100673098 0.004369355955805258 0.0042170948148432842 2.5037769118641405e-10


#------------------------------------------#
-Simulacion N.5
Total de iteraciones:1001
Tiempo de ejecucion:0.57021
---Datos Iniciales---
# name: Y
# type: matrix
# rows: 6
# columns: 6
 6.6360322700097738 5.7935135479573514 6.1613526658373328 6.442426337423063 1.9407742188595396 6.403093079090513
 5.7935135479573514 2.1639401244696224 2.1707033934454065 6.5181855903712691 4.5713472504909136 9.2176210843629995
 6.1613526658373328 2.1707033934454065 5.9470887167133624 3.2671917781393178 6.4028485497623073 4.7294406226069396
 6.442426337423063 6.5181855903712691 3.2671917781393178 0.54264921627058871 2.051480052413988 3.9821561085735198
 1.9407742188595396 4.5713472504909136 6.4028485497623073 2.051480052413988 9.5330064418109757 5.4085395514035923
 6.403093079090513 9.2176210843629995 4.7294406226069396 3.9821561085735198 5.4085395514035923 7.7937375832488618


---Resultados---
-Norma resultado:0.35888
# name: lambda_res
# type: diagonal matrix
# rows: 6
# columns: 6
-0.99999999999999944
-0.82056209103074229
-0.82056209103074018
-0.82056208521310547
1.7177516394481884
2.4616862695502189


# name: Y_res
# type: matrix
# rows: 6
# columns: 6
 0 0.82056209103074118 0 0.82056209103074129 0 0.82056207610587639
 0.82056209103074118 0 0 0.82056209103074107 0 0.82056207610587639
 0 0 0.0022058614957838792 0 1.3112322588347551 0.00014380447967822041
 0.82056209103074129 0.82056209103074107 0 0 0 0.82056207610587628
 0 0 1.3112322588347551 0 0.71554578022803639 0.00018814604859506827
 0.82056207610587639 0.82056207610587639 0.00014380447967822041 0.82056207610587628 0.00018814604859506827 0


#------------------------------------------#
-Simulacion N.6
Total de iteraciones:225
Tiempo de ejecucion:0.12789
---Datos Iniciales---
# name: Y
# type: matrix
# rows: 6
# columns: 6
 3.4331189893215655 2.8665692721593974 3.9123986918871934 4.3161482853053261 5.1936327230889834 8.6768852608527745
 2.8665692721593974 9.2039719738126742 8.6400672309016571 6.5557871063861377 6.3362130568803439 5.6630249473662984
 3.9123986918871934 8.6400672309016571 9.3470209779327345 5.9254127275315911 2.8310539791001577 4.8055026923711592
 4.3161482853053261 6.5557871063861377 5.9254127275315911 8.5405321901701043 7.4725930344911653 4.1666550178662849
 5.1936327230889834 6.3362130568803439 2.8310539791001577 7.4725930344911653 9.571219893785349 4.7438655916414145
 8.6768852608527745 5.6630249473662984 4.8055026923711592 4.1666550178662849 4.7438655916414145 9.0830974276464378


---Resultados---
-Norma resultado:1.0956e-10
# name: lambda_res
# type: diagonal matrix
# rows: 6
# columns: 6
-0.99999999998718991
-0.99999999996180777
-0.99999999994475486
-0.99999999994463351
1.7177516452466981
2.282248354831784


# name: Y_res
# type: matrix
# rows: 6
# columns: 6
 0 0 0 0.28200533243039771 0.9999999678613003 0.99999999994463351
 0 0 1.0000000001024829 0.95941283731372873 0.00025331269152427339 0
 0 1.0000000001024829 2.4009644205913393e-10 0.95941283744628669 0.00025331269343851408 0
 0.28200533243039771 0.95941283731372873 0.95941283744628669 0 0.28224835483470323 0.28200533243039783
 0.9999999678613003 0.00025331269152427339 0.00025331269343851408 0.28224835483470323 0 0.9999999678613003
 0.99999999994463351 0 0 0.28200533243039783 0.9999999678613003 0


#------------------------------------------#
-Simulacion N.7
Total de iteraciones:198
Tiempo de ejecucion:0.1129
---Datos Iniciales---
# name: Y
# type: matrix
# rows: 6
# columns: 6
 6.9827100957493728 3.0701790233871766 3.5015167944113008 4.7777783228347728 0.97751948821860057 5.5655372414967141
 3.0701790233871766 4.8508840184431143 2.1299067006258876 5.2898626740094601 2.3406393816830038 5.1328741236023223
 3.5015167944113008 2.1299067006258876 2.0354061757827702 6.8989593282430501 3.7458373170757575 6.0964961345966726
 4.7777783228347728 5.2898626740094601 6.8989593282430501 0.94775339138510994 7.3644826411303566 1.6472218578191185
 0.97751948821860057 2.3406393816830038 3.7458373170757575 7.3644826411303566 4.0083980395735477 2.6899170957693412
 5.5655372414967141 5.1328741236023223 6.0964961345966726 1.6472218578191185 2.6899170957693412 6.6672090635525185


---Resultados---
-Norma resultado:1.0887e-10
# name: lambda_res
# type: diagonal matrix
# rows: 6
# columns: 6
-0.99999999998728728
-0.99999999996176892
-0.99999999994551547
-0.99999999994536903
1.7177516452555162
2.282248354824465


# name: Y_res
# type: matrix
# rows: 6
# columns: 6
 0 0.98170215098832547 0.094329398462904834 0 7.1491461911297823e-05 0.99999999994551525
 0.98170215098832547 0 0.28217720063954266 0.19042291520678784 0.19049309806963388 0.98170215098832603
 0.094329398462904834 0.28217720063954266 0 0.99554104109723229 0.9955477824382728 0.094329398462904779
 0 0.19042291520678784 0.99554104109723229 0 0.99999999754544211 0
 7.1491461911297823e-05 0.19049309806963388 0.9955477824382728 0.99999999754544211 2.4003811145073519e-10 7.1491461910971681e-05
 0.99999999994551525 0.98170215098832603 0.094329398462904779 0 7.1491461910971681e-05 0


#------------------------------------------#
-Simulacion N.8
Total de iteraciones:242
Tiempo de ejecucion:0.14355
---Datos Iniciales---
# name: Y
# type: matrix
# rows: 6
# columns: 6
 4.4483281013560632 8.5817281428756544 8.7682471650537988 5.7970864250997707 4.85924449866509 4.4556361364813375
 8.5817281428756544 6.8588052227910854 5.1028735486939967 3.8669139632668372 2.4710691688358088 8.8331846051911853
 8.7682471650537988 5.1028735486939967 6.4890515566318419 4.4305595170108667 8.5852809643582209 3.6129549709811695
 5.7970864250997707 3.8669139632668372 4.4305595170108667 8.7418149334885413 4.3015253971038891 5.2860757567456673
 4.85924449866509 2.4710691688358088 8.5852809643582209 4.3015253971038891 1.2947160863320528 6.3795297807134848
 4.4556361364813375 8.8331846051911853 3.6129549709811695 5.2860757567456673 6.3795297807134848 0.99097061786077356


---Resultados---
-Norma resultado:1.1208e-10
# name: lambda_res
# type: diagonal matrix
# rows: 6
# columns: 6
-0.99999999998699973
-0.99999999996009215
-0.99999999994394773
-0.99999999994394684
1.7177516452418102
2.2822483548369497


# name: Y_res
# type: matrix
# rows: 6
# columns: 6
 0 0.95934137113307894 0.2822483548384136 0.28224835483841315 0.28224835483841326 0.9593413709993347
 0.95934137113307894 2.4377352952617857e-10 0 0 0 1.0000000001047027
 0.2822483548384136 0 0 0.99999999994394728 0.99999999994394717 0
 0.28224835483841315 0 0.99999999994394728 0 0.99999999994394773 0
 0.28224835483841326 0 0.99999999994394717 0.99999999994394773 0 0
 0.9593413709993347 1.0000000001047027 0 0 0 0


#------------------------------------------#
-Simulacion N.9
Total de iteraciones:225
Tiempo de ejecucion:0.13115
---Datos Iniciales---
# name: Y
# type: matrix
# rows: 6
# columns: 6
 7.9537952486448615 1.9528785935800141 4.6310139436771953 1.5626395631121337 4.4576933203131759 1.6019711665573944
 1.9528785935800141 7.7193813512292362 5.0633348864847356 7.1522491090329474 3.9446384505727861 6.0386144169112779
 4.6310139436771953 5.0633348864847356 0.56625732526940142 5.0458479798672169 5.0111299074406501 1.2607126407679097
 1.5626395631121337 7.1522491090329474 5.0458479798672169 2.7035113094051511 2.311162101475662 9.3041415447851179
 4.4576933203131759 3.9446384505727861 5.0111299074406501 2.311162101475662 2.2164381301188896 4.8258999628383039
 1.6019711665573944 6.0386144169112779 1.2607126407679097 9.3041415447851179 4.8258999628383039 1.2510148821939859


---Resultados---
-Norma resultado:1.0935e-10
# name: lambda_res
# type: diagonal matrix
# rows: 6
# columns: 6
-0.99999999998704647
-0.99999999996211519
-0.99999999994494693
-0.99999999994494637
1.7177516452535941
2.2822483548263004


# name: Y_res
# type: matrix
# rows: 6
# columns: 6
 2.4083941108402632e-10 0.0074819125548921585 0.98257632433648534 0.0073777632376345308 0.99719855322426132 0.0073324877028208384
 0.0074819125548921585 0 0.19320588374040762 0.99999999452110722 0.082258896489383726 0.99999998878044094
 0.98257632433648534 0.19320588374040762 0 0.19310369291150942 0.99372598912134302 0.1930592681371856
 0.0073777632376345308 0.99999999452110722 0.19310369291150942 0 0.082155096823725626 0.99999999891995428
 0.99719855322426132 0.082258896489383726 0.99372598912134302 0.082155096823725626 0 0.0821099730355518
 0.0073324877028208384 0.99999998878044094 0.1930592681371856 0.99999999891995428 0.0821099730355518 0


#------------------------------------------#
-Simulacion N.10
Total de iteraciones:1001
Tiempo de ejecucion:0.57333
---Datos Iniciales---
# name: Y
# type: matrix
# rows: 6
# columns: 6
 4.5740210624207016 3.7403174796822762 7.9750109365987027 5.331683944520365 7.3341771335110026 5.7793885145331796
 3.7403174796822762 5.0754440080591054 4.5754235127197376 4.8776237322426184 4.6506433646669958 8.1101637675009925
 7.9750109365987027 4.5754235127197376 5.7933903972243179 6.9337110571527605 7.865113609744145 2.6534323743966359
 5.331683944520365 4.8776237322426184 6.9337110571527605 2.1989132397798827 3.2829491228566394 4.3365432726488855
 7.3341771335110026 4.6506433646669958 7.865113609744145 3.2829491228566394 6.3504205881234359 6.4273883548046573
 5.7793885145331796 8.1101637675009925 2.6534323743966359 4.3365432726488855 6.4273883548046573 6.1109528857182536


---Resultados---
-Norma resultado:0.35888
# name: lambda_res
# type: diagonal matrix
# rows: 6
# columns: 6
-1
-0.82056209060756113
-0.82056209060756002
-0.8205620858444258
1.7177516404936035
2.4616862689226995


# name: Y_res
# type: matrix
# rows: 6
# columns: 6
 0 0 0.82056209060756014 0.82056207838796813 0.82056209060756069 0
 0 0.18280617231971355 0 0.00014135913839387088 0 1.3474208608055602
 0.82056209060756014 0 0 0.82056207838796813 0.82056209060756113 0
 0.82056207838796813 0.00014135913839387088 0.82056207838796813 0 0.82056207838796846 0.00016103251436697883
 0.82056209060756069 0 0.82056209060756113 0.82056207838796846 0 0
 0 1.3474208608055602 0 0.00016103251436697883 0 0.53494547003704218


#------------------------------------------#
-Simulacion N.11
Total de iteraciones:233
Tiempo de ejecucion:0.13421
---Datos Iniciales---
# name: Y
# type: matrix
# rows: 6
# columns: 6
 8.7648939600983908 2.6143535307413917 3.9813536046995219 4.6969299780295675 6.2758276266736654 5.8585280427135675
 2.6143535307413917 6.0382488955212645 8.5234790666427056 6.4730357786868744 2.5035849259073455 5.2497369065289643
 3.9813536046995219 8.5234790666427056 6.2155873316220269 6.1545312853290639 7.9533503480301526 5.6169359014785503
 4.6969299780295675 6.4730357786868744 6.1545312853290639 6.9716923547314025 6.6094949122437789 2.7829666337269177
 6.2758276266736654 2.5035849259073455 7.9533503480301526 6.6094949122437789 3.1552567672807266 6.8611239531979695
 5.8585280427135675 5.2497369065289643 5.6169359014785503 2.7829666337269177 6.8611239531979695 9.9504302706799201


---Resultados---
-Norma resultado:1.1329e-10
# name: lambda_res
# type: diagonal matrix
# rows: 6
# columns: 6
-0.9999999999868594
-0.99999999995966293
-0.99999999994334254
-0.9999999999433421
1.7177516452420922
2.2822483548375172


# name: Y_res
# type: matrix
# rows: 6
# columns: 6
 2.4640162617088434e-10 0 0 0 0.95934137113389983 1.0000000001058322
 0 0 0.99999999994334277 0.99999999994334254 0.28224835483899702 0
 0 0.99999999994334277 0 0.99999999994334265 0.28224835483899741 0
 0 0.99999999994334254 0.99999999994334265 0 0.28224835483899674 0
 0.95934137113389983 0.28224835483899702 0.28224835483899741 0.28224835483899674 0 0.95934137099871442
 1.0000000001058322 0 0 0 0.95934137099871442 0


#------------------------------------------#
-Simulacion N.12
Total de iteraciones:252
Tiempo de ejecucion:0.14405
---Datos Iniciales---
# name: Y
# type: matrix
# rows: 6
# columns: 6
 3.6205018842422088 7.756118970300907 3.0769534897977442 3.479885251284708 4.0164448480593133 5.8263898260570457
 7.756118970300907 8.2491124116023062 3.0232812713627015 7.1312784323685161 3.8142811206282636 8.3765687846072812
 3.0769534897977442 3.0232812713627015 0.065115861988818136 3.3128062564570104 7.1235353695572776 6.1876423599922044
 3.479885251284708 7.1312784323685161 3.3128062564570104 2.5684833349376666 6.4750045877359685 6.0064343721929632
 4.0164448480593133 3.8142811206282636 7.1235353695572776 6.4750045877359685 9.3963597321572809 4.5937270095816594
 5.8263898260570457 8.3765687846072812 6.1876423599922044 6.0064343721929632 4.5937270095816594 8.8286165635834344


---Resultados---
-Norma resultado:1.1262e-10
# name: lambda_res
# type: diagonal matrix
# rows: 6
# columns: 6
-0.99999999998693712
-0.99999999995990196
-0.99999999994367639
-0.99999999994367617
1.717751645241939
2.282248354837205


# name: Y_res
# type: matrix
# rows: 6
# columns: 6
 0 0.99999999994367617 0 0.28224835483867533 0 0.99999999994367617
 0.99999999994367617 0 0 0.28224835483867533 0 0.99999999994367617
 0 0 0 0.95934137099905747 1.0000000001052103 0
 0.28224835483867533 0.28224835483867533 0.95934137099905747 0 0.95934137113344831 0.28224835483867505
 0 0 1.0000000001052103 0.95934137113344831 2.4495339215268763e-10 0
 0.99999999994367617 0.99999999994367617 0 0.28224835483867505 0 0


#------------------------------------------#
-Simulacion N.13
Total de iteraciones:1001
Tiempo de ejecucion:0.57929
---Datos Iniciales---
# name: Y
# type: matrix
# rows: 6
# columns: 6
 7.0005908990549051 7.8115062574841723 6.9257336597253474 1.799457616702798 6.3006965786237323 8.4440048570272843
 7.8115062574841723 9.9306190556807774 5.3083910721427472 5.6034003236388159 4.6806166178598962 9.0175367128050343
 6.9257336597253474 5.3083910721427472 7.2046274564857438 8.934470090250425 5.2353268729294173 6.4451078329551033
 1.799457616702798 5.6034003236388159 8.934470090250425 0.50528170620615098 1.6118269054009127 2.7318899453423673
 6.3006965786237323 4.6806166178598962 5.2353268729294173 1.6118269054009127 0.41380425397716358 8.1305392238206906
 8.4440048570272843 9.0175367128050343 6.4451078329551033 2.7318899453423673 8.1305392238206906 9.1555988160576671


---Resultados---
-Norma resultado:0.35888
# name: lambda_res
# type: diagonal matrix
# rows: 6
# columns: 6
-1.0000000000000007
-0.82056209290090554
-0.82056209290090498
-0.82056208242310003
1.7177516348281683
2.4616862723234187


# name: Y_res
# type: matrix
# rows: 6
# columns: 6
 0 0.82056206602060089 0 0 0.82056209290090498 0.82056209290090543
 0.82056206602060089 0 0.00024972290594402452 0.00019656674153275473 0.82056206602060044 0.82056206602060089
 0 0.00024972290594402452 0.67805076060370706 1.3208598902496056 0 0
 0 0.00019656674153275473 1.3208598902496056 0.039700878322968605 0 0
 0.82056209290090498 0.82056206602060044 0 0 0 0.8205620929009052
 0.82056209290090543 0.82056206602060089 0 0 0.8205620929009052 0


#------------------------------------------#
-Simulacion N.14
Total de iteraciones:219
Tiempo de ejecucion:0.12792
---Datos Iniciales---
# name: Y
# type: matrix
# rows: 6
# columns: 6
 8.3471074563423606 9.17117686886073 3.8170685126138011 6.7545564812752126 8.7543370830091582 5.1418830682104719
 9.17117686886073 8.5654876231378836 4.8801769071539649 1.6808623431759069 1.840529228887672 5.7849694983877651
 3.8170685126138011 4.8801769071539649 6.5861051992359796 7.0850289981873757 4.9991000254321403 8.1734499129262321
 6.7545564812752126 1.6808623431759069 7.0850289981873757 8.7419603569991615 6.3278411372309797 4.1906035758274616
 8.7543370830091582 1.840529228887672 4.9991000254321403 6.3278411372309797 0.53203689960917733 3.2204325108967868
 5.1418830682104719 5.7849694983877651 8.1734499129262321 4.1906035758274616 3.2204325108967868 9.7178020121674873


---Resultados---
-Norma resultado:1.1597e-10
# name: lambda_res
# type: diagonal matrix
# rows: 6
# columns: 6
-0.99999999998625255
-0.99999999995983146
-0.99999999994162903
-0.9999999999416217
1.7177516452561878
2.2822483548286083


# name: Y_res
# type: matrix
# rows: 6
# columns: 6
 0 0.99010910601924029 0.1437569532691701 0.14569723997092793 0.14318256936126839 0.99994809755011949
 0.99010910601924029 2.5546142768962864e-10 0.0034928252950706621 0.0054537378558369822 0.0029124400737292806 0.99148713528633281
 0.1437569532691701 0.0034928252950706621 0 0.99999807731411483 0.99999983151639915 0.13366698508411862
 0.14569723997092793 0.0054537378558369822 0.99999807731411483 0 0.99999677078791183 0.13561006253077879
 0.14318256936126839 0.0029124400737292806 0.99999983151639915 0.99999677078791183 0 0.1330917826244018
 0.99994809755011949 0.99148713528633281 0.13366698508411862 0.13561006253077879 0.1330917826244018 0


#------------------------------------------#
-Simulacion N.15
Total de iteraciones:1001
Tiempo de ejecucion:0.5834
---Datos Iniciales---
# name: Y
# type: matrix
# rows: 6
# columns: 6
 0.92515827790682237 3.9867981134382595 3.6825668963585252 5.3074184002393343 2.372232827969563 8.062961809639269
 3.9867981134382595 6.7693674188705728 2.7706241192585956 7.5493903823209747 6.1606601649765533 3.6080311420218134
 3.6825668963585252 2.7706241192585956 3.1388164309294497 3.5124236766403718 2.1983038090483582 5.0382231077219357
 5.3074184002393343 7.5493903823209747 3.5124236766403718 7.8845838944674105 2.7319796939916796 3.1200407569250053
 2.372232827969563 6.1606601649765533 2.1983038090483582 2.7319796939916796 3.0546932004085381 6.1064098603083838
 8.062961809639269 3.6080311420218134 5.0382231077219357 3.1200407569250053 6.1064098603083838 5.8959811547768393


---Resultados---
-Norma resultado:0.35888
# name: lambda_res
# type: diagonal matrix
# rows: 6
# columns: 6
-1.0000000000000004
-0.8205621257809228
-0.8205621257809218
-0.82056203337111311
1.7177515536020675
2.4616863210799855


# name: Y_res
# type: matrix
# rows: 6
# columns: 6
 0 0 0.82056212578092258 0 0.82056188870806923 0.82056212578092258
 0 0.2276147969966747 0 1.3525213404349812 0.00063432329326790324 0
 0.82056212578092258 0 0 0 0.82056188870806945 0.8205621257809228
 0 1.3525213404349812 0 0.4901367927524205 0.00069886400276271735 0
 0.82056188870806923 0.00063432329326790324 0.82056188870806945 0.00069886400276271735 0 0.82056188870806945
 0.82056212578092258 0 0.8205621257809228 0 0.82056188870806945 0


#------------------------------------------#
-Simulacion N.16
Total de iteraciones:223
Tiempo de ejecucion:0.12743
---Datos Iniciales---
# name: Y
# type: matrix
# rows: 6
# columns: 6
 5.6136650435344562 3.0370873416434989 6.3507921048600799 4.9105210955851462 5.117657042083402 4.4908738174928704
 3.0370873416434989 2.4312838075240162 4.8563122925585773 6.3666526286401215 6.0775010924619295 5.6440176038625189
 6.3507921048600799 4.8563122925585773 2.7054536622506564 4.9786871572931171 5.7833188701937885 6.0993229345018793
 4.9105210955851462 6.3666526286401215 4.9786871572931171 8.1612792151578191 2.133382483518893 4.4779686626603628
 5.117657042083402 6.0775010924619295 5.7833188701937885 2.133382483518893 8.1891171321441796 3.8317057077627004
 4.4908738174928704 5.6440176038625189 6.0993229345018793 4.4779686626603628 3.8317057077627004 8.2820240410061157


---Resultados---
-Norma resultado:1.1059e-10
# name: lambda_res
# type: diagonal matrix
# rows: 6
# columns: 6
-0.99999999998699773
-0.99999999996155498
-0.99999999994448097
-0.99999999994431643
1.7177516452550945
2.2822483548259145


# name: Y_res
# type: matrix
# rows: 6
# columns: 6
 0 0.12553594482014058 0.99245389283978225 0.032016124273187813 0.99967464083795587 0.029517502281506951
 0.12553594482014058 0 0.24623700568268089 0.9955996542486476 0.10018977526500134 0.9953622900448299
 0.99245389283978225 0.24623700568268089 0 0.15433006100444041 0.98900334802538481 0.1518597245983655
 0.032016124273187813 0.9955996542486476 0.15433006100444041 0 0.0065116734862585455 0.99999687543089255
 0.99967464083795587 0.10018977526500134 0.98900334802538481 0.0065116734862585455 2.4365892913779093e-10 0.0040119026639598137
 0.029517502281506951 0.9953622900448299 0.1518597245983655 0.99999687543089255 0.0040119026639598137 0


#------------------------------------------#
-Simulacion N.17
Total de iteraciones:1001
Tiempo de ejecucion:0.58642
---Datos Iniciales---
# name: Y
# type: matrix
# rows: 6
# columns: 6
 9.1704597695760963 7.4995748246428873 8.1012102712473872 6.5108454852158886 7.1614501109594233 4.2769753874142991
 7.4995748246428873 0.18709246159653192 6.0473255431894515 8.395700981558484 4.1153944615339135 3.7983432403584767
 8.1012102712473872 6.0473255431894515 8.5267266518735045 7.0125058734682932 5.3076470308680523 6.990319887956618
 6.5108454852158886 8.395700981558484 7.0125058734682932 7.2027613912270096 6.9678212684654319 8.5345321763177715
 7.1614501109594233 4.1153944615339135 5.3076470308680523 6.9678212684654319 3.8075784612239696 4.9904092612268371
 4.2769753874142991 3.7983432403584767 6.990319887956618 8.5345321763177715 4.9904092612268371 2.8154938481007417


---Resultados---
-Norma resultado:0.35888
# name: lambda_res
# type: diagonal matrix
# rows: 6
# columns: 6
-1.0000000000000002
-0.82056208907814709
-0.82056208907814598
-0.82056208812608011
1.7177516442718366
2.4616862666547834


# name: Y_res
# type: matrix
# rows: 6
# columns: 6
 0 0.82056208907814665 0.82056208663566654 0 0.82056208907814643 0
 0.82056208907814665 0 0.82056208663566643 0 0.82056208907814665 0
 0.82056208663566654 0.82056208663566643 0 7.3261506225884035e-05 0.82056208663566643 6.172619465673787e-05
 0 0 7.3261506225884035e-05 0.58943636927302734 0 1.3391733773792429
 0.82056208907814643 0.82056208907814665 0.82056208663566643 0 0 0
 0 0 6.172619465673787e-05 1.3391733773792429 0 0.12831527537122028


#------------------------------------------#
-Simulacion N.18
Total de iteraciones:254
Tiempo de ejecucion:0.15318
---Datos Iniciales---
# name: Y
# type: matrix
# rows: 6
# columns: 6
 5.825521654823258 4.2024240395719108 8.6754921850916098 7.9041052827894926 7.5326273945040203 6.3524772807170704
 4.2024240395719108 6.0546526496881192 1.7199920249700296 5.4920588749104722 6.5076377697505929 3.712037525726116
 8.6754921850916098 1.7199920249700296 6.257793570163221 2.1938832413091904 6.6345752196947316 2.146635053776818
 7.9041052827894926 5.4920588749104722 2.1938832413091904 7.5712202501999109 6.5356876483843918 4.9709604099091846
 7.5326273945040203 6.5076377697505929 6.6345752196947316 6.5356876483843918 1.2621625838025097 5.4492273350416109
 6.3524772807170704 3.712037525726116 2.146635053776818 4.9709604099091846 5.4492273350416109 0.011276978512407831


---Resultados---
-Norma resultado:1.1258e-10
# name: lambda_res
# type: diagonal matrix
# rows: 6
# columns: 6
-0.99999999998694145
-0.99999999995991251
-0.99999999994369437
-0.99999999994369415
1.7177516452419288
2.2822483548371859


# name: Y_res
# type: matrix
# rows: 6
# columns: 6
 0 0 1.0000000001051754 0 0.95934137099907424 0
 0 0 0 0.99999999994369348 0.28224835483865707 0.99999999994369415
 1.0000000001051754 0 2.4487316628851448e-10 0 0.95934137113342222 0
 0 0.99999999994369348 0 0 0.28224835483865696 0.99999999994369415
 0.95934137099907424 0.28224835483865707 0.95934137113342222 0.28224835483865696 0 0.28224835483865734
 0 0.99999999994369415 0 0.99999999994369415 0.28224835483865734 0


#------------------------------------------#
-Simulacion N.19
Total de iteraciones:1001
Tiempo de ejecucion:0.60014
---Datos Iniciales---
# name: Y
# type: matrix
# rows: 6
# columns: 6
 0.9653864437463533 5.3868109200438141 6.5466552611575013 2.5957580508152129 3.9303357189829371 4.6330688871955577
 5.3868109200438141 3.2585088575258494 7.4623186118542097 2.8082499850748817 3.96705640008047 7.5766515977616633
 6.5466552611575013 7.4623186118542097 4.5371804199281254 1.4043696329621069 4.9274673664911974 3.4418695684788054
 2.5957580508152129 2.8082499850748817 1.4043696329621069 7.3009707244242374 3.3240912894226966 3.7070000719049774
 3.9303357189829371 3.96705640008047 4.9274673664911974 3.3240912894226966 0.7123801018464182 4.8071188048893037
 4.6330688871955577 7.5766515977616633 3.4418695684788054 3.7070000719049774 4.8071188048893037 8.6685794168425279


---Resultados---
-Norma resultado:0.35888
# name: lambda_res
# type: diagonal matrix
# rows: 6
# columns: 6
-0.99999999999999978
-0.82056208869607505
-0.82056208869607472
-0.82056208869607372
1.7177516452156991
2.4616862660882237


# name: Y_res
# type: matrix
# rows: 6
# columns: 6
 0 0.82056208869607461 0.82056208869607461 1.4309624158291711e-16 0.82056208869607539 0
 0.82056208869607461 0 0.82056208869607472 1.4309624158291706e-16 0.82056208869607516 0
 0.82056208869607461 0.82056208869607472 0 1.4309624158291585e-16 0.82056208869607494 0
 1.4309624158291711e-16 1.4309624158291706e-16 1.4309624158291585e-16 0.71775164521569801 7.8490625635472883e-16 1.3106302473297722
 0.82056208869607539 0.82056208869607516 0.82056208869607494 7.8490625635472883e-16 0 6.2943873530182682e-16
 0 0 0 1.3106302473297722 6.2943873530182682e-16 1.5860411580857799e-15


#------------------------------------------#
-Simulacion N.20
Total de iteraciones:224
Tiempo de ejecucion:0.12926
---Datos Iniciales---
# name: Y
# type: matrix
# rows: 6
# columns: 6
 6.3878637049516298 4.9381867147475056 1.5629760704431517 4.4437795069072958 8.8846384966951764 5.6696556665028108
 4.9381867147475056 6.3077809513009351 5.4460805315632701 0.40603072976594101 5.0393677402165231 7.9213633082578987
 1.5629760704431517 5.4460805315632701 9.9316787248751961 2.6023614742038368 3.1886904454587213 3.3463417339027561
 4.4437795069072958 0.40603072976594101 2.6023614742038368 7.6845958921276081 5.9117086932685208 1.7371129322314904
 8.8846384966951764 5.0393677402165231 3.1886904454587213 5.9117086932685208 3.9253198909706457 5.7954082094947514
 5.6696556665028108 7.9213633082578987 3.3463417339027561 1.7371129322314904 5.7954082094947514 5.879838539641379


---Resultados---
-Norma resultado:1.1517e-10
# name: lambda_res
# type: diagonal matrix
# rows: 6
# columns: 6
-0.99999999998649625
-0.9999999999597815
-0.99999999994195754
-0.99999999994185496
1.7177516452491746
2.2822483548335555


# name: Y_res
# type: matrix
# rows: 6
# columns: 6
 0 0 0 0.99999999994195776 0.99984481861986974 0.26530438621132812
 0 0 1.0000000001075935 0 0.017616428784705797 0.96416470718164893
 0 1.0000000001075935 2.5264051533098395e-10 0 0.017616428789278833 0.96416470732203452
 0.99999999994195776 0 0 0 0.99984481861986996 0.2653043862113279
 0.99984481861986974 0.017616428784705797 0.017616428789278833 0.99984481861986996 0 0.28224835483122335
 0.26530438621132812 0.96416470718164893 0.96416470732203452 0.2653043862113279 0.28224835483122335 0


#------------------------------------------#
-Simulacion N.21
Total de iteraciones:221
Tiempo de ejecucion:0.12684
---Datos Iniciales---
# name: Y
# type: matrix
# rows: 6
# columns: 6
 8.4631587608548582 5.2137033120447835 5.4851328333103897 5.2878431921299196 3.5675415514202449 5.6544812180756212
 5.2137033120447835 8.2260404794291464 7.7478262410801593 7.4805175474383008 5.2886599475615892 2.9970938866830847
 5.4851328333103897 7.7478262410801593 4.2514237377155029 2.3418784344416217 3.6673855171386736 8.8052128992189758
 5.2878431921299196 7.4805175474383008 2.3418784344416217 8.6153339354685929 5.9045577557765476 5.6860623781157811
 3.5675415514202449 5.2886599475615892 3.6673855171386736 5.9045577557765476 2.6898257207261791 4.3336659443759036
 5.6544812180756212 2.9970938866830847 8.8052128992189758 5.6860623781157811 4.3336659443759036 4.4053765650955734


---Resultados---
-Norma resultado:1.1435e-10
# name: lambda_res
# type: diagonal matrix
# rows: 6
# columns: 6
-0.99999999998645772
-0.99999999996038724
-0.99999999994243516
-0.99999999994243383
1.7177516452555357
2.2822483548280554


# name: Y_res
# type: matrix
# rows: 6
# columns: 6
 0 0.17633378261353982 0.99999984768522909 0.0076997473734257754 0.09965173218350791 0.99999980045373293
 0.17633378261353982 0 0.1757905744547969 0.98565897754505238 0.99700277266669346 0.17571199851808661
 0.99999984768522909 0.1757905744547969 0 0.0071479343379981207 0.099102635582110354 0.99999999675695106
 0.0076997473734257754 0.98565897754505238 0.0071479343379981207 2.5187811335395276e-10 0.99576017510328585 0.007068118013414379
 0.09965173218350791 0.99700277266669346 0.099102635582110354 0.99576017510328585 0 0.099023209853892652
 0.99999980045373293 0.17571199851808661 0.99999999675695106 0.007068118013414379 0.099023209853892652 0


#------------------------------------------#
-Simulacion N.22
Total de iteraciones:216
Tiempo de ejecucion:0.12532
---Datos Iniciales---
# name: Y
# type: matrix
# rows: 6
# columns: 6
 2.7856788835773019 5.0377359250916118 1.7076725451637864 5.2021793556874565 3.5657234850651003 3.3639842966434825
 5.0377359250916118 3.9767291213679137 4.6509619275512346 4.2077550385570186 0.80159858876154122 4.1121865270397198
 1.7076725451637864 4.6509619275512346 7.9531523836402336 4.2965298406358876 8.0371399228811296 5.7735332413921023
 5.2021793556874565 4.2077550385570186 4.2965298406358876 2.8449518801818452 6.3159282739535207 2.6593044397102794
 3.5657234850651003 0.80159858876154122 8.0371399228811296 6.3159282739535207 1.7694247546661246 6.4729572123541788
 3.3639842966434825 4.1121865270397198 5.7735332413921023 2.6593044397102794 6.4729572123541788 6.1557675201788644


---Resultados---
-Norma resultado:1.1172e-10
# name: lambda_res
# type: diagonal matrix
# rows: 6
# columns: 6
-0.99999999998696842
-0.99999999996079325
-0.99999999994405731
-0.99999999994396072
1.7177516452567558
2.2822483548253558


# name: Y_res
# type: matrix
# rows: 6
# columns: 6
 0 0.99999999994405686 0.0029247076801102619 0.98138195866108879 0 0.089718695322550182
 0.99999999994405686 0 0.0029247076801103035 0.98138195866108913 0 0.089718695322550168
 0.0029247076801102619 0.0029247076801103035 2.4633013685821777e-10 0.19493570139645292 0.99999572313695018 0.9962252872404942
 0.98138195866108879 0.98138195866108913 0.19493570139645292 0 0.19206626747730515 0.27934000119277286
 0 0 0.99999572313695018 0.19206626747730515 0 0.9959671458592515
 0.089718695322550182 0.089718695322550168 0.9962252872404942 0.27934000119277286 0.9959671458592515 0


#------------------------------------------#
-Simulacion N.23
Total de iteraciones:235
Tiempo de ejecucion:0.13498
---Datos Iniciales---
# name: Y
# type: matrix
# rows: 6
# columns: 6
 1.2696968834390365 3.5737535833177105 2.2942564223803243 6.592052133425268 4.4261122333481744 0.77683162065166789
 3.5737535833177105 8.1288481483878599 2.1124840332283394 2.004144662078664 6.3668660267136969 6.3316790587963938
 2.2942564223803243 2.1124840332283394 4.1397685007573788 4.6622498060558666 3.7540613528996047 4.6349356747861155
 6.592052133425268 2.004144662078664 4.6622498060558666 9.4183165005924572 5.0879337148705188 4.7787738356549117
 4.4261122333481744 6.3668660267136969 3.7540613528996047 5.0879337148705188 5.7551444457781189 4.0081133576552066
 0.77683162065166789 6.3316790587963938 4.6349356747861155 4.7787738356549117 4.0081133576552066 9.6100083112829076


---Resultados---
-Norma resultado:1.0962e-10
# name: lambda_res
# type: diagonal matrix
# rows: 6
# columns: 6
-0.99999999998728417
-0.99999999996096889
-0.9999999999451783
-0.99999999994517619
1.7177516452412382
2.2822483548357932


# name: Y_res
# type: matrix
# rows: 6
# columns: 6
 0 0 0.99999999994517663 0.99999999994517763 0.2822483548372251 0
 0 2.3842391109621535e-10 0 0 0.95934137113141038 1.0000000001024054
 0.99999999994517663 0 0 0.99999999994517708 0.28224835483722521 0
 0.99999999994517763 0 0.99999999994517708 0 0.28224835483722555 0
 0.2822483548372251 0.95934137113141038 0.28224835483722521 0.28224835483722555 0 0.95934137100060202
 0 1.0000000001024054 0 0 0.95934137100060202 0


#------------------------------------------#
-Simulacion N.24
Total de iteraciones:224
Tiempo de ejecucion:0.13488
---Datos Iniciales---
# name: Y
# type: matrix
# rows: 6
# columns: 6
 4.4638794707355203 6.264633209099534 3.8824837787820998 4.9902066939397791 4.5339053580717517 7.0275153936121981
 6.264633209099534 6.6632955686354052 3.8018822450074707 5.1763072675710076 5.7990102142887405 6.0333376910350385
 3.8824837787820998 3.8018822450074707 8.4681291999168042 8.0391298326319216 3.9736255813739438 7.0796642242339747
 4.9902066939397791 5.1763072675710076 8.0391298326319216 5.695325661064218 6.1042448326419771 8.7278525414276231
 4.5339053580717517 5.7990102142887405 3.9736255813739438 6.1042448326419771 8.2396520251524823 5.0271055197780568
 7.0275153936121981 6.0333376910350385 7.0796642242339747 8.7278525414276231 5.0271055197780568 6.0148430679809177


---Resultados---
-Norma resultado:1.1548e-10
# name: lambda_res
# type: diagonal matrix
# rows: 6
# columns: 6
-0.99999999998634148
-0.99999999996012678
-0.99999999994170075
-0.9999999999416993
1.7177516452537622
2.2822483548301968


# name: Y_res
# type: matrix
# rows: 6
# columns: 6
 0 0.99999998978720828 0.0023638618809389469 0.012356287189857037 0.99999999756326841 0.26820496863848908
 0.99999998978720828 0 0.0022213526624070071 0.012213788351159912 0.99999999723766664 0.26806767760715378
