#Resultados de la simulacion de P2.
#------------------------------------------#
-Precision:eps(10^-10)
-Dimension:10
-Maximo de Iteraciones:1000
-Maximo de Simulaciones:100
-Valor de k:0.57979
# name: lambda
# type: diagonal matrix
# rows: 6
# columns: 6
-1
-1
-1
-1
1.5797926360533432
2.4202073639466568


#------------------------------------------#
-Simulacion N.1
Total de iteraciones:312
Tiempo de ejecucion:0.18566
---Datos Iniciales---
# name: Y
# type: matrix
# rows: 6
# columns: 6
 5.9408000578805336 6.5910244761467611 2.5300972215509807 6.5657434457325579 6.836702057763917 5.1199268239865727
 6.5910244761467611 0.55551436619554639 5.1259509899443021 8.9508114673691033 1.7709912604320972 5.6493574153821307
 2.5300972215509807 5.1259509899443021 4.9322585109396364 7.5144588952204803 4.5679720429317756 7.2504488903234119
 6.5657434457325579 8.9508114673691033 7.5144588952204803 5.4072406445303294 8.9600416423336995 8.6673063213301553
 6.836702057763917 1.7709912604320972 4.5679720429317756 8.9600416423336995 3.695218236999728 2.9324301154072727
 5.1199268239865727 5.6493574153821307 7.2504488903234119 8.6673063213301553 2.9324301154072727 1.0075506771178133


---Resultados---
-Norma resultado:1.1147e-10
# name: lambda_res
# type: diagonal matrix
# rows: 6
# columns: 6
-0.99999999998797051
-0.99999999995821531
-0.99999999994478972
-0.99999999994478883
1.5797926360707255
2.4202073640031694


# name: Y_res
# type: matrix
# rows: 6
# columns: 6
 2.3812979379171898e-10 0 0 0.90742810809246932 1.0000000001047558 0
 0 0 0.99999999994478883 0.42020736402594727 0 0.99999999994478872
 0 0.99999999994478883 0 0.42020736402594777 0 0.9999999999447885
 0.90742810809246932 0.42020736402594727 0.42020736402594777 0 0.90742810797085427 0.42020736402594761
 1.0000000001047558 0 0 0.90742810797085427 0 0
 0 0.99999999994478872 0.9999999999447885 0.42020736402594761 0 0


#------------------------------------------#
-Simulacion N.2
Total de iteraciones:364
Tiempo de ejecucion:0.2073
---Datos Iniciales---
# name: Y
# type: matrix
# rows: 6
# columns: 6
 1.8520534093020713 3.3936705192506542 1.4208449395770639 5.2550296772505316 1.6113193070832921 7.9110602046844756
 3.3936705192506542 9.2115337161929407 3.5154428332333754 6.668773240428612 5.8680275989288644 3.9255808988187191
 1.4208449395770639 3.5154428332333754 1.4829116267716957 8.2202775882346053 3.8275407335702099 4.2579982477033136
 5.2550296772505316 6.668773240428612 8.2202775882346053 2.6863789139847425 3.2336584959878087 4.3356689891532065
 1.6113193070832921 5.8680275989288644 3.8275407335702099 3.2336584959878087 1.7971621696195994 2.6734832219127656
 7.9110602046844756 3.9255808988187191 4.2579982477033136 4.3356689891532065 2.6734832219127656 1.2456695263797624


---Resultados---
-Norma resultado:1.1103e-10
# name: lambda_res
# type: diagonal matrix
# rows: 6
# columns: 6
-0.99999999998801792
-0.99999999995838118
-0.9999999999450071
-0.99999999994500688
1.5797926360706571
2.4202073640029482


# name: Y_res
# type: matrix
# rows: 6
# columns: 6
 0 0 0.42020736402563552 0.9999999999450071 0 0.9999999999450071
 0 2.3719171555375407e-10 0.907428108092315 0 1.0000000001043434 0
 0.42020736402563552 0.907428108092315 0 0.42020736402563569 0.90742810797117923 0.42020736402563563
 0.9999999999450071 0 0.42020736402563569 0 0 0.99999999994500732
 0 1.0000000001043434 0.90742810797117923 0 0 0
 0.9999999999450071 0 0.42020736402563563 0.99999999994500732 0 0


#------------------------------------------#
-Simulacion N.3
Total de iteraciones:228
Tiempo de ejecucion:0.12977
---Datos Iniciales---
# name: Y
# type: matrix
# rows: 6
# columns: 6
 1.9977092121547879 3.9775632799500942 7.1572400912317935 6.4561003257168821 1.8348929070452531 3.6514056666525851
 3.9775632799500942 8.4417112530595269 0.99018162075571403 4.5570819185317415 6.3278689885863333 7.0878943333194009
 7.1572400912317935 0.99018162075571403 1.3019400517794477 4.3844201109372056 6.4305031671644723 2.6873169701520676
 6.4561003257168821 4.5570819185317415 4.3844201109372056 2.2140368774810204 3.6099585186022614 6.497556596376266
 1.8348929070452531 6.3278689885863333 6.4305031671644723 3.6099585186022614 5.5175963076128278 4.5607682570614774
 3.6514056666525851 7.0878943333194009 2.6873169701520676 6.497556596376266 4.5607682570614774 1.7446829874151282


---Resultados---
-Norma resultado:1.0837e-10
# name: lambda_res
# type: diagonal matrix
# rows: 6
# columns: 6
-0.99999999998676437
-0.99999999996235089
-0.99999999994531652
-0.99999999994514954
1.5797926360863443
2.420207363991401


# name: Y_res
# type: matrix
# rows: 6
# columns: 6
 0 0 0.99999999994531608 0.99938850563174597 0.36736476877172153 0.021584641204519806
 0 2.3816612711585829e-10 0 0.034965907707674576 0.93007694672194186 0.9997670245950121
 0.99999999994531608 0 0 0.99938850563174586 0.36736476877172153 0.021584641204519937
 0.99938850563174597 0.034965907707674576 0.99938850563174586 0 0.39966111197823651 0.056529203823346488
 0.36736476877172153 0.93007694672194186 0.36736476877172153 0.39966111197823651 0 0.93778969817322178
 0.021584641204519806 0.9997670245950121 0.021584641204519937 0.056529203823346488 0.93778969817322178 0


#------------------------------------------#
-Simulacion N.4
Total de iteraciones:549
Tiempo de ejecucion:0.31168
---Datos Iniciales---
# name: Y
# type: matrix
# rows: 6
# columns: 6
 2.7676970221524488 5.172277028835472 3.9885327877495609 0.96350464859908946 4.7840718637042601 4.5478712359699713
 5.172277028835472 7.8240304231703304 9.4697666908391636 4.9343667065144716 6.1589626980700292 4.1352828770985699
 3.9885327877495609 9.4697666908391636 6.4226598209771453 5.0249701864367102 6.3803919808372385 3.7831506603428213
 0.96350464859908946 4.9343667065144716 5.0249701864367102 5.5318686353223345 4.354262629528967 0.78183915554980943
 4.7840718637042601 6.1589626980700292 6.3803919808372385 4.354262629528967 6.3512627196353622 3.1349125644079097
 4.5478712359699713 4.1352828770985699 3.7831506603428213 0.78183915554980943 3.1349125644079097 9.9730794411481316


---Resultados---
-Norma resultado:1.1202e-10
# name: lambda_res
# type: diagonal matrix
# rows: 6
# columns: 6
-0.99999999998791111
-0.99999999995801025
-0.99999999994451616
-0.99999999994451505
1.5797926360708112
2.4202073640034492


# name: Y_res
# type: matrix
# rows: 6
# columns: 6
 0 0.9074281079704466 0 0 0 1.0000000001052738
 0.9074281079704466 0 0.42020736402634085 0.42020736402633985 0.42020736402634018 0.90742810809266361
 0 0.42020736402634085 0 0.99999999994451527 0.99999999994451594 0
 0 0.42020736402633985 0.99999999994451527 0 0.99999999994451572 0
 0 0.42020736402634018 0.99999999994451594 0.99999999994451572 0 0
 1.0000000001052738 0.90742810809266361 0 0 0 2.3930790130728645e-10


#------------------------------------------#
-Simulacion N.5
Total de iteraciones:277
Tiempo de ejecucion:0.15946
---Datos Iniciales---
# name: Y
# type: matrix
# rows: 6
# columns: 6
 9.8762914108685091 4.4143344407793847 6.9882270647952094 8.4888288995799925 3.5594211638433286 3.0223358525291188
 4.4143344407793847 8.0934246771761256 5.6335828341294842 4.8587978056299095 7.1839544337340824 2.6464657024476548
 6.9882270647952094 5.6335828341294842 0.25712298424135471 5.4924004304385861 7.0848787054546891 5.9741456296470439
 8.4888288995799925 4.8587978056299095 5.4924004304385861 7.4211297038307409 1.6820774375412291 3.2900175770379256
 3.5594211638433286 7.1839544337340824 7.0848787054546891 1.6820774375412291 9.0704766942764614 1.4657330795616585
 3.0223358525291188 2.6464657024476548 5.9741456296470439 3.2900175770379256 1.4657330795616585 6.2530528170429536


---Resultados---
-Norma resultado:1.0915e-10
# name: lambda_res
# type: diagonal matrix
# rows: 6
# columns: 6
-0.99999999998822009
-0.99999999995908484
-0.99999999994593758
-0.99999999994593702
1.5797926360703627
2.4202073640019925


# name: Y_res
# type: matrix
# rows: 6
# columns: 6
 0 0 0.42020736402429865 0.99999999994593791 0 0.99999999994593758
 0 0 0.90742810797256657 0 1.0000000001025762 0
 0.42020736402429865 0.90742810797256657 0 0.42020736402429859 0.90742810809165253 0.42020736402429865
 0.99999999994593791 0 0.42020736402429859 0 0 0.99999999994593769
 0 1.0000000001025762 0.90742810809165253 0 2.3317698461367732e-10 0
 0.99999999994593758 0 0.42020736402429865 0.99999999994593769 0 0


#------------------------------------------#
-Simulacion N.6
Total de iteraciones:311
Tiempo de ejecucion:0.17651
---Datos Iniciales---
# name: Y
# type: matrix
# rows: 6
# columns: 6
 7.681877262617709 6.4011868890287023 4.7000637672698691 6.5429451550863176 4.7875394221814096 6.5074942049742717
 6.4011868890287023 4.5100822762780348 5.3953167661545507 8.4089361152015201 5.8525969939591569 7.8773878005322349
 4.7000637672698691 5.3953167661545507 6.5584475041061623 8.2784839356368174 3.9024871786890141 6.3151177809896328
 6.5429451550863176 8.4089361152015201 8.2784839356368174 9.5316384408694876 7.2301634939510366 4.1868017298845883
 4.7875394221814096 5.8525969939591569 3.9024871786890141 7.2301634939510366 4.8382423386025319 7.0693894868747682
 6.5074942049742717 7.8773878005322349 6.3151177809896328 4.1868017298845883 7.0693894868747682 6.738020994652631


---Resultados---
-Norma resultado:1.1377e-10
# name: lambda_res
# type: diagonal matrix
# rows: 6
# columns: 6
-0.99999999998772315
-0.99999999995735334
-0.99999999994365163
-0.99999999994365107
1.5797926360710821
2.4202073640043356


# name: Y_res
# type: matrix
# rows: 6
# columns: 6
 0 0.42020736402758319 0 0 0.99999999994365152 0.99999999994365152
 0.42020736402758319 0 0.90742810796915496 0.90742810809327856 0.4202073640275833 0.4202073640275833
 0 0.90742810796915496 0 1.0000000001069147 0 0
 0 0.90742810809327856 1.0000000001069147 2.430392887199255e-10 0 0
 0.99999999994365152 0.4202073640275833 0 0 0 0.99999999994365196
 0.99999999994365152 0.4202073640275833 0 0 0.99999999994365196 0


#------------------------------------------#
-Simulacion N.7
Total de iteraciones:323
Tiempo de ejecucion:0.18282
---Datos Iniciales---
# name: Y
# type: matrix
# rows: 6
# columns: 6
 0.15149074118291805 2.8009918938459011 2.1354071960305703 6.0193388498239342 6.1784299309273685 4.0013420246198681
 2.8009918938459011 5.8275489749174394 5.3692805735120626 4.4187958735836368 4.5842062992873416 1.8973061177632495
 2.1354071960305703 5.3692805735120626 8.3804370448654577 5.5176087448107083 4.3035811771800629 3.8858628278576162
 6.0193388498239342 4.4187958735836368 5.5176087448107083 7.8506885836848266 6.2999761546099666 6.6994824070053376
 6.1784299309273685 4.5842062992873416 4.3035811771800629 6.2999761546099666 9.9867810625879354 4.6245838376486335
 4.0013420246198681 1.8973061177632495 3.8858628278576162 6.6994824070053376 4.6245838376486335 5.063777475806079


---Resultados---
-Norma resultado:1.1609e-10
# name: lambda_res
# type: diagonal matrix
# rows: 6
# columns: 6
-0.99999999998747346
-0.99999999995648869
-0.99999999994250566
-0.99999999994250388
1.5797926360714456
2.4202073640055106


# name: Y_res
# type: matrix
# rows: 6
# columns: 6
 0 0 0 0.42020736402922954 0.99999999994250477 0.99999999994250399
 0 0 1.0000000001090914 0.90742810796744733 0 0
 0 1.0000000001090914 2.4798457058582745e-10 0.90742810809409491 0 0
 0.42020736402922954 0.90742810796744733 0.90742810809409491 0 0.42020736402922959 0.42020736402922942
 0.99999999994250477 0 0 0.42020736402922959 0 0.9999999999425041
 0.99999999994250399 0 0 0.42020736402922942 0.9999999999425041 0


#------------------------------------------#
-Simulacion N.8
Total de iteraciones:222
Tiempo de ejecucion:0.14624
---Datos Iniciales---
# name: Y
# type: matrix
# rows: 6
# columns: 6
 6.1778556178395725 4.0875906681485477 4.2809340814695114 9.5671846166485892 0.79931606735229144 8.7445398568246659
 4.0875906681485477 3.8879377582999828 7.0740159378772072 2.0508309307365788 6.7087796374769333 3.7379604039513827
 4.2809340814695114 7.0740159378772072 1.3111018502267713 7.056354010018099 2.5227221466537255 1.9686317698548703
 9.5671846166485892 2.0508309307365788 7.056354010018099 3.982258411180565 0.6595077697500179 5.6208557880638841
 0.79931606735229144 6.7087796374769333 2.5227221466537255 0.6595077697500179 7.9032794107232549 9.9561353241583408
 8.7445398568246659 3.7379604039513827 1.9686317698548703 5.6208557880638841 9.9561353241583408 6.5234313740290117


---Resultados---
-Norma resultado:1.1095e-10
# name: lambda_res
# type: diagonal matrix
# rows: 6
# columns: 6
-0.99999999998637989
-0.99999999996136579
-0.99999999994412514
-0.99999999994412136
1.579792636089381
2.4202073639908965


# name: Y_res
# type: matrix
# rows: 6
# columns: 6
 0 0.088908405320649697 0.99999976598087148 0.99999977697242304 0.0023284770834684247 0.33254692807484665
 0.088908405320649697 0 0.088227042001770534 0.088243240175878937 0.99624412728057254 0.96891811982334886
 0.99999976598087148 0.088227042001770534 0 0.99999999981190535 0.0016444268989030328 0.33190173039876714
 0.99999977697242304 0.088243240175878937 0.99999999981190535 0 0.0016606884763546302 0.33191707014897054
 0.0023284770834684247 0.99624412728057254 0.0016444268989030328 0.0016606884763546302 2.442852004704654e-10 0.94385848033807551
 0.33254692807484665 0.96891811982334886 0.33190173039876714 0.33191707014897054 0.94385848033807551 0


#------------------------------------------#
-Simulacion N.9
Total de iteraciones:290
Tiempo de ejecucion:0.16704
---Datos Iniciales---
# name: Y
# type: matrix
# rows: 6
# columns: 6
 7.5782907914484952 1.5743806237414315 4.5036105101046919 3.0865471266036932 6.5261492312306348 3.7423911681493505
 1.5743806237414315 9.305023056853873 2.3398602204649892 6.5792133513911528 8.0322540052436597 3.703939153634539
 4.5036105101046919 2.3398602204649892 4.4515824891118534 6.8978581546169355 8.3555548828750545 5.1612108597484045
 3.0865471266036932 6.5792133513911528 6.8978581546169355 8.4984383758799833 7.4296780950687324 2.4518520384552551
 6.5261492312306348 8.0322540052436597 8.3555548828750545 7.4296780950687324 1.9333998505661254 8.6754789256535894
 3.7423911681493505 3.703939153634539 5.1612108597484045 2.4518520384552551 8.6754789256535894 6.5166853030854019


---Resultados---
-Norma resultado:1.1402e-10
# name: lambda_res
# type: diagonal matrix
# rows: 6
# columns: 6
-0.99999999998769551
-0.99999999995726085
-0.99999999994352684
-0.99999999994352584
1.5797926360711219
2.4202073640044621


# name: Y_res
# type: matrix
# rows: 6
# columns: 6
 0 0 0.9999999999435264 0 0.42020736402776082 0.99999999994352706
 0 2.435752541708323e-10 0 1.0000000001071516 0.90742810809336871 0
 0.9999999999435264 0 0 0 0.42020736402776093 0.99999999994352684
 0 1.0000000001071516 0 0 0.90742810796897222 0
 0.42020736402776082 0.90742810809336871 0.42020736402776093 0.90742810796897222 0 0.42020736402776082
 0.99999999994352706 0 0.99999999994352684 0 0.42020736402776082 0


#------------------------------------------#
-Simulacion N.10
Total de iteraciones:1001
Tiempo de ejecucion:0.57442
---Datos Iniciales---
# name: Y
# type: matrix
# rows: 6
# columns: 6
 7.3810794085034193 5.8733602090037671 3.0462748945275111 6.1559660127892766 4.0551260201543409 4.2069946650308321
 5.8733602090037671 7.8386341746769457 2.2241181911462955 4.4054076146574355 9.029983547771284 4.9774229000156893
 3.0462748945275111 2.2241181911462955 8.5770123470551791 5.4929776971933926 4.8797777832915434 0.75772145584055539
 6.1559660127892766 4.4054076146574355 5.4929776971933926 7.6700462085006427 5.5139993313158833 7.723287946786602
 4.0551260201543409 9.029983547771284 4.8797777832915434 5.5139993313158833 9.4894775015306045 6.0528051354708587
 4.2069946650308321 4.9774229000156893 0.75772145584055539 7.723287946786602 6.0528051354708587 8.0550616370200352


---Resultados---
-Norma resultado:0.2899
# name: lambda_res
# type: diagonal matrix
# rows: 6
# columns: 6
-0.99999999999999889
-0.85505184098666454
-0.8550518409866642
-0.85505184098666376
1.579792636053341
2.5651555229599925


# name: Y_res
# type: matrix
# rows: 6
# columns: 6
 0 0.85505184098666376 5.9782761571328082e-15 4.7271539117962051e-15 0.85505184098666387 0.8550518409866642
 0.85505184098666376 0 0 0 0.85505184098666387 0.85505184098666409
 5.9782761571328082e-15 0 0.57979263605333764 1.2568980213419638 0 0
 4.7271539117962051e-15 0 1.2568980213419638 5.92798829592593e-15 0 0
 0.85505184098666387 0.85505184098666387 0 0 0 0.85505184098666387
 0.8550518409866642 0.85505184098666409 0 0 0.85505184098666387 0


#------------------------------------------#
-Simulacion N.11
Total de iteraciones:1001
Tiempo de ejecucion:0.56354
---Datos Iniciales---
# name: Y
# type: matrix
# rows: 6
# columns: 6
 2.6004005098222773 2.2026070272065819 5.6164987266129813 6.2484214888194902 5.7889411154149091 3.7606429810441053
 2.2026070272065819 7.6753218155065808 5.2681670056358918 6.383714777739022 0.92127006705774561 3.0635131704165839
 5.6164987266129813 5.2681670056358918 5.6922350835806466 8.4004064049441283 8.398067886748839 8.7675206134136801
 6.2484214888194902 6.383714777739022 8.4004064049441283 4.0829469842749067 4.9496700969446303 5.5947061071771813
 5.7889411154149091 0.92127006705774561 8.398067886748839 4.9496700969446303 1.1752005116722886 2.8435479851157544
 3.7606429810441053 3.0635131704165839 8.7675206134136801 5.5947061071771813 2.8435479851157544 3.0428328526144757


---Resultados---
-Norma resultado:0.2899
# name: lambda_res
# type: diagonal matrix
# rows: 6
# columns: 6
-0.99999999999999967
-0.85505184098666465
-0.8550518409866642
-0.85505184098666343
1.5797926360533423
2.5651555229599938


# name: Y_res
# type: matrix
# rows: 6
# columns: 6
 0 0 0.85505184098666476 0 0.8550518409866652 0.85505184098666398
 0 0.57979263605331699 5.5198998205205104e-14 1.2568980213419692 0 0
 0.85505184098666476 5.5198998205205104e-14 0 4.3934841186319304e-14 0.8550518409866652 0.85505184098666409
 0 1.2568980213419692 4.3934841186319304e-14 2.5393126343411607e-14 0 0
 0.8550518409866652 0 0.8550518409866652 0 0 0.85505184098666465
 0.85505184098666398 0 0.85505184098666409 0 0.85505184098666465 0


#------------------------------------------#
-Simulacion N.12
Total de iteraciones:326
Tiempo de ejecucion:0.18648
---Datos Iniciales---
# name: Y
# type: matrix
# rows: 6
# columns: 6
 8.9199956865558931 6.2836924230192341 4.2954729313885247 3.7444529166160176 4.1706213431028463 3.9668574784032149
 6.2836924230192341 9.5459109478072541 3.6286850171720197 7.4770339517124924 5.4670430606334017 5.6828404655346425
 4.2954729313885247 3.6286850171720197 3.1118051028223439 2.369502101796352 2.9304149842469531 8.0968425646931301
 3.7444529166160176 7.4770339517124924 2.369502101796352 8.8045547015689305 4.2805163587925792 7.2274966862575774
 4.1706213431028463 5.4670430606334017 2.9304149842469531 4.2805163587925792 0.28215295838322385 7.3812020314991962
 3.9668574784032149 5.6828404655346425 8.0968425646931301 7.2274966862575774 7.3812020314991962 2.2053981626419059


---Resultados---
-Norma resultado:1.1499e-10
# name: lambda_res
# type: diagonal matrix
# rows: 6
# columns: 6
-0.99999999998758993
-0.99999999995689703
-0.999999999943049
-0.99999999994304856
1.5797926360712724
2.4202073640049493


# name: Y_res
# type: matrix
# rows: 6
# columns: 6
 2.4563741135282027e-10 0 1.0000000001080576 0 0.90742810809370689 0
 0 0 0 0.99999999994304889 0.42020736402844711 0.99999999994304889
 1.0000000001080576 0 0 0 0.9074281079682569 0
 0 0.99999999994304889 0 0 0.42020736402844705 0.99999999994304867
 0.90742810809370689 0.42020736402844711 0.9074281079682569 0.42020736402844705 0 0.42020736402844727
 0 0.99999999994304889 0 0.99999999994304867 0.42020736402844727 0


#------------------------------------------#
-Simulacion N.13
Total de iteraciones:1001
Tiempo de ejecucion:0.56504
---Datos Iniciales---
# name: Y
# type: matrix
# rows: 6
# columns: 6
 0.52280789001839745 2.0827392944021308 8.3508450500950673 3.7796515533439412 6.512076704875545 0.88805606554101413
 2.0827392944021308 1.6269869747347665 2.5538383115426742 2.9222419064954224 5.0642880487362882 3.5438777328078208
 8.3508450500950673 2.5538383115426742 4.6009230536100612 5.1448060786938177 2.8102536957569111 6.9491804700726263
 3.7796515533439412 2.9222419064954224 5.1448060786938177 4.078936104713792 4.855275663365723 3.8030953190116876
 6.512076704875545 5.0642880487362882 2.8102536957569111 4.855275663365723 4.4269385674246156 3.0490259787965437
 0.88805606554101413 3.5438777328078208 6.9491804700726263 3.8030953190116876 3.0490259787965437 9.1779831083745353


---Resultados---
-Norma resultado:0.2899
# name: lambda_res
# type: diagonal matrix
# rows: 6
# columns: 6
-1
-0.8550518409866642
-0.85505184098666409
-0.85505184098666398
1.5797926360533432
2.5651555229599925


# name: Y_res
# type: matrix
# rows: 6
# columns: 6
 0 0.8550518409866642 5.1243827241524946e-19 0.85505184098666409 0.85505184098666409 0
 0.8550518409866642 0 5.1243827241524946e-19 0.85505184098666398 0.8550518409866642 0
 5.1243827241524946e-19 5.1243827241524946e-19 3.9479117036605887e-15 5.1243827241524937e-19 9.2400521294363048e-19 1.2568980213419645
 0.85505184098666409 0.85505184098666398 5.1243827241524937e-19 0 0.85505184098666409 0
 0.85505184098666409 0.8550518409866642 9.2400521294363048e-19 0.85505184098666409 0 6.8410939505009062e-20
 0 0 1.2568980213419645 0 6.8410939505009062e-20 0.57979263605333931


#------------------------------------------#
-Simulacion N.14
Total de iteraciones:266
Tiempo de ejecucion:0.14996
---Datos Iniciales---
# name: Y
# type: matrix
# rows: 6
# columns: 6
 5.014762161595697 0.52029628951928197 2.1030680239009656 1.6603466729325067 2.5140322628434171 7.9785289422093815
 0.52029628951928197 0.94478159120777172 7.0131195127380286 5.7464295684495417 3.6694450200647815 4.6764699913849297
 2.1030680239009656 7.0131195127380286 8.2626258926736185 6.1574938579366183 5.6537007188766273 1.4775473340888867
 1.6603466729325067 5.7464295684495417 6.1574938579366183 9.5986664909232129 4.5639516811576737 5.1029781855685439
 2.5140322628434171 3.6694450200647815 5.6537007188766273 4.5639516811576737 9.5917474527074926 6.3951520508591244
 7.9785289422093815 4.6764699913849297 1.4775473340888867 5.1029781855685439 6.3951520508591244 0.77158764724974072


---Resultados---
-Norma resultado:1.0795e-10
# name: lambda_res
# type: diagonal matrix
# rows: 6
# columns: 6
-0.99999999998835021
-0.99999999995953637
-0.99999999994653477
-0.99999999994653388
1.5797926360701757
2.4202073640013864


# name: Y_res
# type: matrix
# rows: 6
# columns: 6
 2.306054716061725e-10 0 0 0 0.90742810809122887 1.0000000001014455
 0 0 0.99999999994653455 0.99999999994653377 0.42020736402344216 0
 0 0.99999999994653455 0 0.99999999994653432 0.42020736402344255 0
 0 0.99999999994653377 0.99999999994653432 0 0.42020736402344183 0
 0.90742810809122887 0.42020736402344216 0.42020736402344255 0.42020736402344183 0 0.90742810797345652
 1.0000000001014455 0 0 0 0.90742810797345652 0


#------------------------------------------#
-Simulacion N.15
Total de iteraciones:275
Tiempo de ejecucion:0.15829
---Datos Iniciales---
# name: Y
# type: matrix
# rows: 6
# columns: 6
 1.4375000946844285 7.1711471500708646 6.9467380288754175 4.0811756276653064 3.8296728634380504 5.3361143023121471
 7.1711471500708646 3.0517295483241491 3.6117620805360335 4.7768572716350519 5.1119003277124584 5.4113595235079819
 6.9467380288754175 3.6117620805360335 7.109736752349697 9.4742988450226342 3.6921297973837355 5.2087224935779179
 4.0811756276653064 4.7768572716350519 9.4742988450226342 8.6540121524107487 9.0299679967472954 2.080476918322034
 3.8296728634380504 5.1119003277124584 3.6921297973837355 9.0299679967472954 7.9628144946658885 2.9875074580682988
 5.3361143023121471 5.4113595235079819 5.2087224935779179 2.080476918322034 2.9875074580682988 6.937558772671462


---Resultados---
-Norma resultado:1.1196e-10
# name: lambda_res
# type: diagonal matrix
# rows: 6
# columns: 6
-0.99999999998791733
-0.99999999995803146
-0.99999999994454813
-0.99999999994454758
1.5797926360708017
2.4202073640034181


# name: Y_res
# type: matrix
# rows: 6
# columns: 6
 0 0.99999999994454725 0.42020736402629588 0 0 0.99999999994454758
 0.99999999994454725 0 0.42020736402629588 0 0 0.99999999994454725
 0.42020736402629588 0.42020736402629588 0 0.90742810809264185 0.90742810797049167 0.42020736402629633
 0 0 0.90742810809264185 2.3917552716943787e-10 1.0000000001052154 0
 0 0 0.90742810797049167 1.0000000001052154 0 0
 0.99999999994454758 0.99999999994454725 0.42020736402629633 0 0 0


#------------------------------------------#
-Simulacion N.16
Total de iteraciones:1001
Tiempo de ejecucion:0.56934
---Datos Iniciales---
# name: Y
# type: matrix
# rows: 6
# columns: 6
 1.7249604139434294 5.1073631407671378 5.359873986842576 6.2412102105869227 4.5682659212946755 6.2712642554806459
 5.1073631407671378 0.68388233841996215 4.4215067062369471 1.8355038747235515 6.2514098921350509 5.3503339158273686
 5.359873986842576 4.4215067062369471 3.9704650397614905 0.67673451440045773 6.8140339940320622 5.3199087157411986
 6.2412102105869227 1.8355038747235515 0.67673451440045773 9.2794103262568708 4.8812735538382288 2.1043562127571462
 4.5682659212946755 6.2514098921350509 6.8140339940320622 4.8812735538382288 2.5210383927275903 7.1382321715040771
 6.2712642554806459 5.3503339158273686 5.3199087157411986 2.1043562127571462 7.1382321715040771 0.78065017716198559


---Resultados---
-Norma resultado:0.2899
# name: lambda_res
# type: diagonal matrix
# rows: 6
# columns: 6
-1.0000000000000004
-0.85505184098666431
-0.85505184098666398
-0.8550518409866632
1.5797926360533427
2.5651555229599916


# name: Y_res
# type: matrix
# rows: 6
# columns: 6
 5.3799506276614882e-15 0 0 1.2568980213419654 6.1143041154352797e-14 0
 0 0 0.85505184098666387 0 0.85505184098666387 0.85505184098666398
 0 0.85505184098666387 0 0 0.85505184098666376 0.85505184098666431
 1.2568980213419654 0 0 0.57979263605333786 7.6964304640743134e-14 0
 6.1143041154352797e-14 0.85505184098666387 0.85505184098666376 7.6964304640743134e-14 0 0.85505184098666409
 0 0.85505184098666398 0.85505184098666431 0 0.85505184098666409 0


#------------------------------------------#
-Simulacion N.17
Total de iteraciones:294
Tiempo de ejecucion:0.16579
---Datos Iniciales---
# name: Y
# type: matrix
# rows: 6
# columns: 6
 7.8156197263203486 6.462812683044791 5.1145208124897508 4.8197011920988206 2.88545214187622 4.2038540309057364
 6.462812683044791 7.9872728333459229 5.4668810743744976 6.9671281818043429 2.0144009993606371 1.7994824796584741
 5.1145208124897508 5.4668810743744976 4.876625036795776 7.0921882865810977 2.7280186286666948 2.1369623433448846
 4.8197011920988206 6.9671281818043429 7.0921882865810977 0.19631258032425491 1.5125698657044011 7.6346930755698841
 2.88545214187622 2.0144009993606371 2.7280186286666948 1.5125698657044011 3.0331074746475162 6.0240318784170528
 4.2038540309057364 1.7994824796584741 2.1369623433448846 7.6346930755698841 6.0240318784170528 7.7394855531542142


---Resultados---
-Norma resultado:1.1396e-10
# name: lambda_res
# type: diagonal matrix
# rows: 6
# columns: 6
-0.99999999998770184
-0.99999999995728273
-0.99999999994355682
-0.99999999994355615
1.5797926360711148
2.4202073640044333


# name: Y_res
# type: matrix
# rows: 6
# columns: 6
 0 0.99999999994355537 0.99999999994355493 0.42020736402771991 0 0
 0.99999999994355537 0 0.99999999994355515 0.42020736402771997 0 0
 0.99999999994355493 0.99999999994355515 0 0.42020736402771963 0 0
 0.42020736402771991 0.42020736402771997 0.42020736402771963 0 0.9074281079690133 0.90742810809334762
 0 0 0 0.9074281079690133 0 1.000000000107097
 0 0 0 0.90742810809334762 1.000000000107097 2.4345240905375724e-10


#------------------------------------------#
-Simulacion N.18
Total de iteraciones:297
Tiempo de ejecucion:0.16835
---Datos Iniciales---
# name: Y
# type: matrix
# rows: 6
# columns: 6
 2.4484152022918746 6.6650655739351681 7.8781764656721478 3.9552045363676473 6.0250825976241948 5.5561963158491876
 6.6650655739351681 4.0033468436037705 1.3555266775740553 7.685928409612913 4.979217436534884 4.7808576092971649
 7.8781764656721478 1.3555266775740553 1.2246764971836588 5.2031512933607083 5.4067428391363652 4.2527070484951626
 3.9552045363676473 7.685928409612913 5.2031512933607083 0.3926847700016256 7.9262575722166755 5.12943675408067
 6.0250825976241948 4.979217436534884 5.4067428391363652 7.9262575722166755 4.6822753083001309 4.0745548483796608
 5.5561963158491876 4.7808576092971649 4.2527070484951626 5.12943675408067 4.0745548483796608 0.56405231890014229


---Resultados---
-Norma resultado:1.0835e-10
# name: lambda_res
# type: diagonal matrix
# rows: 6
# columns: 6
-0.99999999998830713
-0.99999999995938638
-0.99999999994633537
-0.99999999994633437
1.5797926360702379
2.420207364001588


# name: Y_res
# type: matrix
# rows: 6
# columns: 6
 0 0 0.99999999994633493 0 0.99999999994633515 0.42020736402372721
 0 2.3146073773623833e-10 0 1.0000000001018221 0 0.90742810809137009
 0.99999999994633493 0 0 0 0.99999999994633493 0.42020736402372699
 0 1.0000000001018221 0 0 0 0.90742810797316042
 0.99999999994633515 0 0.99999999994633493 0 0 0.42020736402372721
 0.42020736402372721 0.90742810809137009 0.42020736402372699 0.90742810797316042 0.42020736402372721 0


#------------------------------------------#
-Simulacion N.19
Total de iteraciones:291
Tiempo de ejecucion:0.16593
---Datos Iniciales---
# name: Y
# type: matrix
# rows: 6
# columns: 6
 0.19137224832305622 3.5074618112896814 7.0807266677771308 5.0233101672801626 2.9774195090629063 5.7843523796168901
 3.5074618112896814 9.540376925663038 2.1215120890075667 3.5420040610673831 7.5366531262691234 4.5757925686403089
 7.0807266677771308 2.1215120890075667 6.4429212528856814 5.2700151046715629 6.1311965715509054 5.0473857077128859
 5.0233101672801626 3.5420040610673831 5.2700151046715629 8.486971993869366 4.3143389382246209 1.2920215699214914
 2.9774195090629063 7.5366531262691234 6.1311965715509054 4.3143389382246209 7.0104662347848281 2.5656340635938442
 5.7843523796168901 4.5757925686403089 5.0473857077128859 1.2920215699214914 2.5656340635938442 2.5090810025446308


---Resultados---
-Norma resultado:1.1532e-10
# name: lambda_res
# type: diagonal matrix
# rows: 6
# columns: 6
-0.99999999998755451
-0.99999999995677302
-0.99999999994288358
-0.99999999994288258
1.5797926360713264
2.4202073640051229


# name: Y_res
# type: matrix
# rows: 6
# columns: 6
 0 0 0.99999999994288269 0.99999999994288269 0 0.42020736402868697
 0 2.4635594571967324e-10 0 0 1.0000000001083753 0.90742810809382601
 0.99999999994288269 0 0 0.99999999994288269 0 0.42020736402868702
 0.99999999994288269 0 0.99999999994288269 0 0 0.42020736402868708
 0 1.0000000001083753 0 0 0 0.90742810796801021
 0.42020736402868697 0.90742810809382601 0.42020736402868702 0.42020736402868708 0.90742810796801021 0


#------------------------------------------#
-Simulacion N.20
Total de iteraciones:189
Tiempo de ejecucion:0.10692
---Datos Iniciales---
# name: Y
# type: matrix
# rows: 6
# columns: 6
 5.5038230740768856 3.8375314066376145 3.2944819000253713 1.1110214184857377 7.7688993077142543 4.197033524009611
 3.8375314066376145 4.1223901195694435 4.3740540284056477 2.5425542174202578 8.9092869174316398 6.0917153201394125
 3.2944819000253713 4.3740540284056477 5.9496531417761211 4.2327359472825652 4.7537323049236928 4.9639125253341039
 1.1110214184857377 2.5425542174202578 4.2327359472825652 4.152752331477183 3.5635421760261403 6.9218781382719703
 7.7688993077142543 8.9092869174316398 4.7537323049236928 3.5635421760261403 5.207840522681332 5.4023209053446752
 4.197033524009611 6.0917153201394125 4.9639125253341039 6.9218781382719703 5.4023209053446752 4.379596242184471


---Resultados---
-Norma resultado:1.1059e-10
# name: lambda_res
# type: diagonal matrix
# rows: 6
# columns: 6
-0.99999999998682609
-0.99999999996127498
-0.99999999994471644
-0.99999999994450273
1.5797926360935479
2.4202073639876307


# name: Y_res
# type: matrix
# rows: 6
# columns: 6
 0 0.98044396847158699 0.081333143790309426 7.4597281209829217e-05 0.99982388043058512 0.12810395831788662
 0.98044396847158699 0 0.27588902791713343 0.19687157435440389 0.9839646498959238 0.32077571724896359
 0.081333143790309426 0.27588902791713343 0 0.99669303634282236 0.10002384886401247 0.99889411156161778
 7.4597281209829217e-05 0.19687157435440389 0.99669303634282236 2.438595556644195e-10 0.018841789803163832 0.99177029882085688
 0.99982388043058512 0.9839646498959238 0.10002384886401247 0.018841789803163832 0 0.1466939746321573
 0.12810395831788662 0.32077571724896359 0.99889411156161778 0.99177029882085688 0.1466939746321573 0


#------------------------------------------#
-Simulacion N.21
Total de iteraciones:217
Tiempo de ejecucion:0.12557
---Datos Iniciales---
# name: Y
# type: matrix
# rows: 6
# columns: 6
 2.4636522713858322 5.4623608368922545 2.1285308952188582 9.4977322069344918 3.8037361008666801 4.4995909840478001
 5.4623608368922545 0.95515613153177137 4.8684787582751134 2.6299805591956287 6.2065176620457327 4.5511634411576578
 2.1285308952188582 4.8684787582751134 9.3070751965439946 7.7645637293347072 7.915348638720614 6.2462132220267552
 9.4977322069344918 2.6299805591956287 7.7645637293347072 4.3248961617063806 3.9575244358491806 7.503450155179249
 3.8037361008666801 6.2065176620457327 7.915348638720614 3.9575244358491806 5.1139666482527275 5.6747020636182128
 4.4995909840478001 4.5511634411576578 6.2462132220267552 7.503450155179249 5.6747020636182128 0.65956531041383992


---Resultados---
-Norma resultado:1.099e-10
# name: lambda_res
# type: diagonal matrix
# rows: 6
# columns: 6
-0.99999999998688094
-0.99999999996045874
-0.99999999994568756
-0.99999999994461886
1.5797926360908778
2.4202073639892379


# name: Y_res
# type: matrix
# rows: 6
# columns: 6
 0 0.20334646853991761 0.00047729135473920478 0.99999999994568689 0 0.97403592001479455
 0.20334646853991761 0 0.97920378898621141 0.20334646853991745 0.97910684486032684 0.41973021076075451
 0.00047729135473920478 0.97920378898621141 2.4246863309417355e-10 0.00047729135473903824 0.99999988619838986 0.22685839430361726
 0.99999999994568689 0.20334646853991745 0.00047729135473903824 0 0 0.97403592001479455
 0 0.97910684486032684 0.99999988619838986 0 0 0.22639352113240813
 0.97403592001479455 0.41973021076075451 0.22685839430361726 0.97403592001479455 0.22639352113240813 0


#------------------------------------------#
-Simulacion N.22
Total de iteraciones:1001
Tiempo de ejecucion:0.57291
---Datos Iniciales---
# name: Y
# type: matrix
# rows: 6
# columns: 6
 9.4811373130607546 6.0565740793099678 5.6317842999271086 6.3347394237060906 5.194940059434825 6.3632161641441991
 6.0565740793099678 0.17636686659908585 2.8785501745286477 6.5754717491949526 2.0598373890159394 5.5955763369922398
 5.6317842999271086 2.8785501745286477 4.164387603933621 4.5892445235336519 3.0934818146516423 3.8556664711476492
 6.3347394237060906 6.5754717491949526 4.5892445235336519 6.823791231826819 4.6618345034664816 8.8395588217980077
 5.194940059434825 2.0598373890159394 3.0934818146516423 4.6618345034664816 9.8147927269835638 2.8609644607143441
 6.3632161641441991 5.5955763369922398 3.8556664711476492 8.8395588217980077 2.8609644607143441 0.24569639373189567


---Resultados---
-Norma resultado:0.2899
# name: lambda_res
# type: diagonal matrix
# rows: 6
# columns: 6
-1.0000000000000002
-0.85505184098666454
-0.85505184098666431
-0.85505184098666365
1.5797926360533421
2.5651555229599934


# name: Y_res
# type: matrix
# rows: 6
# columns: 6
 1.4180081088484146e-14 6.582536148815222e-16 2.2859546315855537e-16 4.5045650818346915e-16 1.2568980213419669 0
 6.582536148815222e-16 0 0.8550518409866642 0.85505184098666431 9.3933749586603029e-16 0.85505184098666431
 2.2859546315855537e-16 0.8550518409866642 0 0.85505184098666431 1.6044947859980576e-16 0.85505184098666442
 4.5045650818346915e-16 0.85505184098666431 0.85505184098666431 0 7.3965680401594834e-16 0.85505184098666454
 1.2568980213419669 9.3933749586603029e-16 1.6044947859980576e-16 7.3965680401594834e-16 0.57979263605332909 1.4358927211049991e-17
 0 0.85505184098666431 0.85505184098666442 0.85505184098666454 1.4358927211049991e-17 0


#------------------------------------------#
-Simulacion N.23
Total de iteraciones:285
Tiempo de ejecucion:0.16614
---Datos Iniciales---
# name: Y
# type: matrix
# rows: 6
# columns: 6
 8.7364755354367301 8.8883728338530936 7.1793796989633067 6.7364700585895623 3.5259943315040769 2.3622290719698915
 8.8883728338530936 8.8085533698058143 3.8245328817222468 1.8688388710565969 6.1932496563546433 4.3846263001258343
 7.1793796989633067 3.8245328817222468 9.9991122453367076 2.7645409868087194 5.9827833427993866 6.4434654993442102
 6.7364700585895623 1.8688388710565969 2.7645409868087194 6.0036511376413424 6.04296709354744 8.0783557811119842
 3.5259943315040769 6.1932496563546433 5.9827833427993866 6.04296709354744 0.58971685627892012 3.0460084342946989
 2.3622290719698915 4.3846263001258343 6.4434654993442102 8.0783557811119842 3.0460084342946989 9.829986160005074


---Resultados---
-Norma resultado:1.1039e-10
# name: lambda_res
# type: diagonal matrix
# rows: 6
# columns: 6
-0.99999999998808697
-0.99999999995862088
-0.99999999994532562
-0.9999999999453244
1.5797926360705556
2.4202073640026249


# name: Y_res
# type: matrix
# rows: 6
# columns: 6
 0 0.99999999994532585 0.42020736402518055 0 0.99999999994532585 0
 0.99999999994532585 0 0.42020736402518061 0 0.99999999994532596 0
 0.42020736402518055 0.42020736402518061 0 0.90742810797165174 0.42020736402518033 0.90742810809208863
 0 0 0.90742810797165174 0 0 1.0000000001037406
 0.99999999994532585 0.99999999994532596 0.42020736402518033 0 0 0
 0 0 0.90742810809208863 1.0000000001037406 0 2.358221306254052e-10


#------------------------------------------#
-Simulacion N.24
Total de iteraciones:1001
Tiempo de ejecucion:0.57128
---Datos Iniciales---
# name: Y
# type: matrix
# rows: 6
# columns: 6
 5.8267969357268878 5.0848298172707249 6.9502686674136918 3.9378654470393704 2.9251926259878767 2.8363514758589128
 5.0848298172707249 2.1047331318372575 5.5124291734604061 4.331737131075605 2.4283132028188477 5.5045698012738997
 6.9502686674136918 5.5124291734604061 1.1987410950072874 3.8886085268531732 2.8616321676901313 4.9896442206792262
 3.9378654470393704 4.331737131075605 3.8886085268531732 9.4578688321800595 3.2704466145904876 4.1806514402894575
 2.9251926259878767 2.4283132028188477 2.8616321676901313 3.2704466145904876 0.063887320368680722 6.5218505366620478
 2.8363514758589128 5.5045698012738997 4.9896442206792262 4.1806514402894575 6.5218505366620478 6.6220046355287838


---Resultados---
-Norma resultado:0.2899
# name: lambda_res
# type: diagonal matrix
# rows: 6
# columns: 6
-1.0000000000000004
-0.85505184098666476
-0.85505184098666442
-0.85505184098666431
1.5797926360533434
2.5651555229599925


# name: Y_res
# type: matrix
# rows: 6
# columns: 6
 0 2.0105091371658966e-14 0.8550518409866642 2.5273118764792487e-14 0.85505184098666398 0.85505184098666409
 2.0105091371658966e-14 1.7129782542838318e-14 0 1.256898021341968 0 0
 0.8550518409866642 0 0 0 0.85505184098666387 0.8550518409866642
 2.5273118764792487e-14 1.256898021341968 0 0.57979263605332632 0 0
 0.85505184098666398 0 0.85505184098666387 0 0 0.85505184098666409
 0.85505184098666409 0 0.8550518409866642 0 0.85505184098666409 0


#------------------------------------------#
-Simulacion N.25
Total de iteraciones:293
Tiempo de ejecucion:0.16791
---Datos Iniciales---
# name: Y
# type: matrix
# rows: 6
# columns: 6
 2.537728319012734 1.7220739532030942 6.6538972751577585 2.181730619133309 4.6597256178140611 5.2944798457810078
 1.7220739532030942 7.6932629486243984 4.9842582823206998 8.1062351410011377 4.2896928529485736 3.1330526718057254
