#Resultados de la simulacion de P2.
#------------------------------------------#
-Precision:eps(10^-10)
-Dimension:10
-Maximo de Iteraciones:1000
-Maximo de Simulaciones:100
-Valor de k:0.69976
# name: lambda
# type: diagonal matrix
# rows: 6
# columns: 6
-1
-1
-1
-1
1.6997551513623526
2.3002448486376474


#------------------------------------------#
-Simulacion N.1
Total de iteraciones:329
Tiempo de ejecucion:0.19595
---Datos Iniciales---
# name: Y
# type: matrix
# rows: 6
# columns: 6
 8.387636443965846 4.3275744627536508 4.7810147798897056 5.5108267896331036 1.5695637083021872 2.6874916945282035
 4.3275744627536508 2.207350177030627 5.1974795490667756 4.0372676714408255 4.0858991007025764 3.7791815571275604
 4.7810147798897056 5.1974795490667756 2.0588866469369882 6.8120037983787673 8.2496380195218872 5.9825024344317557
 5.5108267896331036 4.0372676714408255 6.8120037983787673 6.229082792877688 1.9555185853427202 2.4474263826960798
 1.5695637083021872 4.0858991007025764 8.2496380195218872 1.9555185853427202 2.4285402279036439 4.7171182492582746
 2.6874916945282035 3.7791815571275604 5.9825024344317557 2.4474263826960798 4.7171182492582746 0.50326424053943386


---Resultados---
-Norma resultado:1.0679e-10
# name: lambda_res
# type: diagonal matrix
# rows: 6
# columns: 6
-0.9999999999876592
-0.99999999996178668
-0.99999999994664657
-0.99999999994664557
1.6997551513861853
2.3002448486884006


# name: Y_res
# type: matrix
# rows: 6
# columns: 6
 2.318479945702252e-10 0.95386216561820825 0 1.0000000000998355 0 0
 0.95386216561820825 0 0.30024484869245305 0.95386216549193981 0.30024484869245294 0.30024484869245294
 0 0.30024484869245305 0 0 0.99999999994664657 0.99999999994664635
 1.0000000000998355 0.95386216549193981 0 0 0 0
 0 0.30024484869245294 0.99999999994664657 0 0 0.99999999994664623
 0 0.30024484869245294 0.99999999994664635 0 0.99999999994664623 0


#------------------------------------------#
-Simulacion N.2
Total de iteraciones:1001
Tiempo de ejecucion:0.58261
---Datos Iniciales---
# name: Y
# type: matrix
# rows: 6
# columns: 6
 3.0081538359455751 5.230840739737288 2.6359898702783524 5.7255520449526136 4.6997945042614111 1.9626899728619303
 5.230840739737288 4.8046257256562539 5.2712924391399607 8.0195111928344005 7.6855750588763474 6.2686439305550543
 2.6359898702783524 5.2712924391399607 1.7315648746182732 7.8940954375375183 1.0676591617461029 4.0449385723565889
 5.7255520449526136 8.0195111928344005 7.8940954375375183 2.6742929774220747 6.7876436582720983 4.7587155351409276
 4.6997945042614111 7.6855750588763474 1.0676591617461029 6.7876436582720983 9.0330964143521832 5.8485011494956964
 1.9626899728619303 6.2686439305550543 4.0449385723565889 4.7587155351409276 5.8485011494956964 3.9460943853939598


---Resultados---
-Norma resultado:0.34988
# name: lambda_res
# type: diagonal matrix
# rows: 6
# columns: 6
-1
-0.82506121215941219
-0.82506121215941164
-0.82506121215941164
1.6997551513623523
2.4751836364782358


# name: Y_res
# type: matrix
# rows: 6
# columns: 6
 0 0.82506121215941164 0.82506121215941164 0.82506121215941164 0 4.6398736418769567e-17
 0.82506121215941164 0 0.82506121215941153 0.82506121215941153 0 4.6398736418829335e-17
 0.82506121215941164 0.82506121215941153 0 0.82506121215941164 0 4.6398736418753537e-17
 0.82506121215941164 0.82506121215941153 0.82506121215941164 0 0 4.6398736418772352e-17
 0 0 0 0 0.699755151362352 1.3037465824930674
 4.6398736418769567e-17 4.6398736418829335e-17 4.6398736418753537e-17 4.6398736418772352e-17 1.3037465824930674 5.2622707446047062e-16


#------------------------------------------#
-Simulacion N.3
Total de iteraciones:222
Tiempo de ejecucion:0.12932
---Datos Iniciales---
# name: Y
# type: matrix
# rows: 6
# columns: 6
 4.0485675277241695 1.1275880909521696 7.0435601668043413 2.7277662325653171 4.7742195432671268 5.4677601513145673
 1.1275880909521696 7.9519121722467681 9.059581348041057 4.0112719552519156 2.1459355109211726 7.0156443999151268
 7.0435601668043413 9.059581348041057 3.0748685387686434 3.3556508873122342 8.0098187812615294 2.5535458818001704
 2.7277662325653171 4.0112719552519156 3.3556508873122342 4.1886933329479277 3.6587352189098179 5.3643025789348089
 4.7742195432671268 2.1459355109211726 8.0098187812615294 3.6587352189098179 3.1971763130475885 5.0710170549679923
 5.4677601513145673 7.0156443999151268 2.5535458818001704 5.3643025789348089 5.0710170549679923 8.9504242807244321


---Resultados---
-Norma resultado:1.1136e-10
# name: lambda_res
# type: diagonal matrix
# rows: 6
# columns: 6
-0.99999999998693223
-0.99999999996077171
-0.9999999999443947
-0.99999999994384703
1.6997551514007712
2.3002448486805811


# name: Y_res
# type: matrix
# rows: 6
# columns: 6
 0 0.003943506139237718 0.99036246910924808 0.16116610715542662 0.99999999994439448 0
 0.003943506139237718 2.4540607422605293e-10 0.14240416966616881 0.98755518077777804 0.0039435061392375332 0.99999222445280733
 0.99036246910924808 0.14240416966616881 0 0.2963020436196942 0.99036246910924808 0.13849974609292071
 0.16116610715542662 0.98755518077777804 0.2963020436196942 0 0.16116610715542679 0.98692729510602395
 0.99999999994439448 0.0039435061392375332 0.99036246910924808 0.16116610715542679 0 0
 0 0.99999222445280733 0.13849974609292071 0.98692729510602395 0 0


#------------------------------------------#
-Simulacion N.4
Total de iteraciones:240
Tiempo de ejecucion:0.14251
---Datos Iniciales---
# name: Y
# type: matrix
# rows: 6
# columns: 6
 7.5768222245691703 4.0053578414520601 2.5153433539801653 4.4885892817249715 8.3092402778460155 5.0564183254884467
 4.0053578414520601 6.9522905319168116 5.608628864931255 6.0275985329377599 3.1453293709125005 5.6770039243607711
 2.5153433539801653 5.608628864931255 8.3926443552694767 5.2231034601284012 8.7226181495045196 3.5899720323770321
 4.4885892817249715 6.0275985329377599 5.2231034601284012 7.4142809836412429 6.7892255505980401 5.1097518797670833
 8.3092402778460155 3.1453293709125005 8.7226181495045196 6.7892255505980401 9.4397232505765185 6.9257390954036886
 5.0564183254884467 5.6770039243607711 3.5899720323770321 5.1097518797670833 6.9257390954036886 6.4660922530083518


---Resultados---
-Norma resultado:1.0845e-10
# name: lambda_res
# type: diagonal matrix
# rows: 6
# columns: 6
-0.99999999998746825
-0.99999999996119526
-0.99999999994581845
-0.9999999999458179
1.699755151386559
2.3002448486891907


# name: Y_res
# type: matrix
# rows: 6
# columns: 6
 2.3545063609162807e-10 0 0 0 1.0000000001013878 0.95386216561927861
 0 0 0.99999999994581712 0.99999999994581712 0 0.30024484869330426
 0 0.99999999994581712 0 0.9999999999458169 0 0.30024484869330409
 0 0.99999999994581712 0.9999999999458169 0 0 0.30024484869330414
 1.0000000001013878 0 0 0 0 0.95386216549104885
 0.95386216561927861 0.30024484869330426 0.30024484869330409 0.30024484869330414 0.95386216549104885 0


#------------------------------------------#
-Simulacion N.5
Total de iteraciones:1001
Tiempo de ejecucion:0.58601
---Datos Iniciales---
# name: Y
# type: matrix
# rows: 6
# columns: 6
 1.0360724260726795 6.8707633436666233 2.1542096464323874 8.0388095911445241 8.7225141171568659 2.2152928551108904
 6.8707633436666233 1.6123618300866882 5.4299186701607134 9.6996738540717509 9.3721607929818305 2.8830830248580344
 2.1542096464323874 5.4299186701607134 4.9208307612494098 4.8893460258608581 4.5379564034355058 5.9263949368859254
 8.0388095911445241 9.6996738540717509 4.8893460258608581 1.7294254766601236 4.8763447513098965 5.8957161607911992
 8.7225141171568659 9.3721607929818305 4.5379564034355058 4.8763447513098965 2.1582062789395797 5.6607947880748455
 2.2152928551108904 2.8830830248580344 5.9263949368859254 5.8957161607911992 5.6607947880748455 0.061348811622259358


---Resultados---
-Norma resultado:0.34988
# name: lambda_res
# type: diagonal matrix
# rows: 6
# columns: 6
-1.0000000000000002
-0.8250624352496031
-0.82506243524960254
-0.82505960478296103
1.6997523390075291
2.4751852342843712


# name: Y_res
# type: matrix
# rows: 6
# columns: 6
 0 0.8250624352496031 0 0.82505461860669294 0.82506243524960277 0
 0.8250624352496031 0 0 0.82505461860669305 0.82506243524960288 0
 0 0 0.69605986413726506 0.0043371274233866414 0 1.304731317121357
 0.82505461860669294 0.82505461860669305 0.0043371274233866414 0 0.82505461860669316 0.0033364305678661283
 0.82506243524960277 0.82506243524960288 0 0.82505461860669316 0 0
 0 0 1.304731317121357 0.0033364305678661283 0 0.0036932338724683053


#------------------------------------------#
-Simulacion N.6
Total de iteraciones:230
Tiempo de ejecucion:0.13592
---Datos Iniciales---
# name: Y
# type: matrix
# rows: 6
# columns: 6
 7.4335177705905213 5.0180887284867 6.6178298697997562 5.0077148736440638 7.1138393058458025 6.2882652280790801
 5.0180887284867 8.0889269410505555 5.9677680050504911 6.7082285662199874 6.4124898331968589 0.41724687848994302
 6.6178298697997562 5.9677680050504911 5.9876569639522081 8.2896751072273602 6.1402259607555623 2.3089774767239186
 5.0077148736440638 6.7082285662199874 8.2896751072273602 2.5867609495825805 1.0081600212525688 6.3425366603730655
 7.1138393058458025 6.4124898331968589 6.1402259607555623 1.0081600212525688 9.7140429357133815 6.1307754527179004
 6.2882652280790801 0.41724687848994302 2.3089774767239186 6.3425366603730655 6.1307754527179004 1.4453268974205202


---Resultados---
-Norma resultado:1.104e-10
# name: lambda_res
# type: diagonal matrix
# rows: 6
# columns: 6
-0.99999999998703415
-0.99999999996135858
-0.99999999994440469
-0.99999999994422939
1.6997551513940508
2.3002448486850757


# name: Y_res
# type: matrix
# rows: 6
# columns: 6
 0 0.27732593441777581 0.30024484868381418 0.27732593441777587 0.96077589805198726 0.96077589791795015
 0.27732593441777581 0 0.99971346178094722 0.99999999994440447 0 0
 0.30024484868381418 0.99971346178094722 0 0.99971346178094711 0.023937297740565203 0.023937297735191647
 0.27732593441777587 0.99999999994440447 0.99971346178094711 0 0 0
 0.96077589805198726 0 0.023937297740565203 0 2.4209909258319148e-10 1.0000000001031819
 0.96077589791795015 0 0.023937297735191647 0 1.0000000001031819 0


#------------------------------------------#
-Simulacion N.7
Total de iteraciones:1001
Tiempo de ejecucion:0.59012
---Datos Iniciales---
# name: Y
# type: matrix
# rows: 6
# columns: 6
 6.075084829686503 2.4543191294943747 3.6622676295060694 4.0605338206339727 3.3650417398745338 2.0341063822184835
 2.4543191294943747 8.5136062377295048 6.7191802516762742 7.260042762856 4.2436224708116264 1.1291912528885983
 3.6622676295060694 6.7191802516762742 9.3366166240040211 7.0465686842125086 6.8001682064303228 6.4192616263544577
 4.0605338206339727 7.260042762856 7.0465686842125086 8.4104730322228214 5.7968678693592848 1.9904181485811261
 3.3650417398745338 4.2436224708116264 6.8001682064303228 5.7968678693592848 5.0366379790443183 8.2089875954259277
 2.0341063822184835 1.1291912528885983 6.4192616263544577 1.9904181485811261 8.2089875954259277 0.50882950528374993


---Resultados---
-Norma resultado:0.34988
# name: lambda_res
# type: diagonal matrix
# rows: 6
# columns: 6
-1.0000000000000011
-0.82506146338727038
-0.82506146338726938
-0.82506088198959948
1.6997545736850874
2.4751839646822433


# name: Y_res
# type: matrix
# rows: 6
# columns: 6
 0 0.0018876439280874099 0.82505985778374813 0.0016084995360338833 0.82505985778374824 0.8250598577837478
 0.0018876439280874099 0.56406980486553437 0 1.3327754869531314 0 0
 0.82505985778374813 0 0 0 0.82506146338726927 0.82506146338726938
 0.0016084995360338833 1.3327754869531314 0 0.13568492473765573 0 0
 0.82505985778374824 0 0.82506146338726927 0 0 0.82506146338726927
 0.8250598577837478 0 0.82506146338726938 0 0.82506146338726927 0


#------------------------------------------#
-Simulacion N.8
Total de iteraciones:243
Tiempo de ejecucion:0.14346
---Datos Iniciales---
# name: Y
# type: matrix
# rows: 6
# columns: 6
 2.5818092384832569 4.4887728870557302 5.8532583431706229 4.1716261314412915 5.0677651708112252 5.321538873862421
 4.4887728870557302 3.3415655189962656 4.7754288201886474 5.5558186374397449 8.1083498325436665 5.4435346012238881
 5.8532583431706229 4.7754288201886474 2.0764524338358568 9.1183944940965223 8.2110828007456504 8.428412011186353
 4.1716261314412915 5.5558186374397449 9.1183944940965223 1.4586196848236666 0.54052610267451395 4.7298792044000368
 5.0677651708112252 8.1083498325436665 8.2110828007456504 0.54052610267451395 3.7642875729761638 4.1482923856496638
 5.321538873862421 5.4435346012238881 8.428412011186353 4.7298792044000368 4.1482923856496638 9.8785603514082609


---Resultados---
-Norma resultado:1.1139e-10
# name: lambda_res
# type: diagonal matrix
# rows: 6
# columns: 6
-0.99999999998712852
-0.99999999996014355
-0.99999999994435196
-0.99999999994435107
1.6997551513872136
2.3002448486905864


# name: Y_res
# type: matrix
# rows: 6
# columns: 6
 0 0.9999999999443514 0.30024484869481077 0 0.99999999994435051 0
 0.9999999999443514 0 0.30024484869481094 0 0.99999999994435074 0
 0.30024484869481077 0.30024484869481094 0 0.95386216548946912 0.30024484869481072 0.95386216562116943
 0 0 0.95386216548946912 0 0 1.0000000001041314
 0.99999999994435051 0.99999999994435074 0.30024484869481072 0 0 0
 0 0 0.95386216562116943 1.0000000001041314 0 2.41823395383855e-10


#------------------------------------------#
-Simulacion N.9
Total de iteraciones:251
Tiempo de ejecucion:0.14773
---Datos Iniciales---
# name: Y
# type: matrix
# rows: 6
# columns: 6
 5.0643120072889092 3.5907965401306274 4.8267640892466686 4.1602061497648695 5.6673280546605627 3.4653615182591677
 3.5907965401306274 7.6112103151346746 4.8778633999265519 1.7112140854466702 5.2380129536586155 6.2409759256830393
 4.8267640892466686 4.8778633999265519 0.90738791346144376 4.7405982232833246 1.5111113384599526 5.6651249925159455
 4.1602061497648695 1.7112140854466702 4.7405982232833246 3.5617660914522062 3.2065983359617816 2.406069038717118
 5.6673280546605627 5.2380129536586155 1.5111113384599526 3.2065983359617816 1.2241507273764751 5.2771653266495013
 3.4653615182591677 6.2409759256830393 5.6651249925159455 2.406069038717118 5.2771653266495013 7.8991642387221308


---Resultados---
-Norma resultado:1.0936e-10
# name: lambda_res
# type: diagonal matrix
# rows: 6
# columns: 6
-0.99999999998736255
-0.99999999996086997
-0.99999999994536437
-0.9999999999453637
1.6997551513867588
2.300244848689621


# name: Y_res
# type: matrix
# rows: 6
# columns: 6
 0 0 0.99999999994536481 0.99999999994536426 0.30024484869376977 0
 0 2.3741907439380008e-10 0 0 0.95386216561986259 1.0000000001022347
 0.99999999994536481 0 0 0.99999999994536437 0.30024484869377022 0
 0.99999999994536426 0 0.99999999994536437 0 0.30024484869376955 0
 0.30024484869376977 0.95386216561986259 0.30024484869377022 0.30024484869376955 0 0.95386216549056047
 0 1.0000000001022347 0 0 0.95386216549056047 0


#------------------------------------------#
-Simulacion N.10
Total de iteraciones:1001
Tiempo de ejecucion:0.58619
---Datos Iniciales---
# name: Y
# type: matrix
# rows: 6
# columns: 6
 7.3514313601541588 4.0159291024432671 1.7603032579809386 3.5645665998284795 3.8651473021884981 1.2097120022275758
 4.0159291024432671 0.64954697330337541 3.7776079810659247 7.2058200722136432 8.2315974786154946 1.5355825673070127
 1.7603032579809386 3.7776079810659247 2.4846942361493074 3.0182024042946929 6.8682071134497891 0.49738787933762518
 3.5645665998284795 7.2058200722136432 3.0182024042946929 1.6850110864158607 6.4926597534593222 8.8922442274629354
 3.8651473021884981 8.2315974786154946 6.8682071134497891 6.4926597534593222 5.8043038581161399 2.1587889980615973
 1.2097120022275758 1.5355825673070127 0.49738787933762518 8.8922442274629354 2.1587889980615973 8.9085215616590858


---Resultados---
-Norma resultado:0.34988
# name: lambda_res
# type: diagonal matrix
# rows: 6
# columns: 6
-0.99999999999999989
-0.82506121215941219
-0.82506121215941164
-0.82506121215941119
1.6997551513623526
2.4751836364782349


# name: Y_res
# type: matrix
# rows: 6
# columns: 6
 0 0.82506121215941186 0.82506121215941153 1.3586103081803953e-17 0.82506121215941164 0
 0.82506121215941186 0 0.82506121215941142 1.358610308180395e-17 0.82506121215941164 0
 0.82506121215941153 0.82506121215941142 0 1.3586103081803947e-17 0.82506121215941164 0
 1.3586103081803953e-17 1.358610308180395e-17 1.3586103081803947e-17 5.2622707446047062e-16 5.7632047483609122e-17 1.3037465824930674
 0.82506121215941164 0.82506121215941164 0.82506121215941164 5.7632047483609122e-17 0 4.0715488479563978e-17
 0 0 0 1.3037465824930674 4.0715488479563978e-17 0.699755151362352


#------------------------------------------#
-Simulacion N.11
Total de iteraciones:1001
Tiempo de ejecucion:0.60804
---Datos Iniciales---
# name: Y
# type: matrix
# rows: 6
# columns: 6
 6.3136496094965908 6.6433953358321638 2.8493422963715216 7.2207347155303463 4.9527705632937336 4.2108786931834477
 6.6433953358321638 2.2988631052068556 9.4396362000391996 6.1768654394665745 6.044349154322763 7.3898246108318624
 2.8493422963715216 9.4396362000391996 8.0486957372734409 2.7138445628308583 1.1895671543454656 2.5483570526203247
 7.2207347155303463 6.1768654394665745 2.7138445628308583 7.1319261271685104 3.9418148952020386 6.5425676539497548
 4.9527705632937336 6.044349154322763 1.1895671543454656 3.9418148952020386 7.9805784862181781 7.7861044867839357
 4.2108786931834477 7.3898246108318624 2.5483570526203247 6.5425676539497548 7.7861044867839357 1.0930581450160204


---Resultados---
-Norma resultado:0.34988
# name: lambda_res
# type: diagonal matrix
# rows: 6
# columns: 6
-1.0000000000000004
-0.8250612121594123
-0.82506121215941219
-0.82506121215941131
1.6997551513623534
2.4751836364782367


# name: Y_res
# type: matrix
# rows: 6
# columns: 6
 0 3.6570119788091119e-16 5.774736714047418e-16 0.82506121215941242 0.8250612121594123 0.82506121215941186
 3.6570119788091119e-16 4.8101318293337119e-15 1.3037465824930687 2.4065032714972871e-16 0 0
 5.774736714047418e-16 1.3037465824930687 0.69975515136234845 1.8511046889189372e-16 0 0
 0.82506121215941242 2.4065032714972871e-16 1.8511046889189372e-16 0 0.82506121215941297 0.82506121215941242
 0.8250612121594123 0 0 0.82506121215941297 0 0.82506121215941253
 0.82506121215941186 0 0 0.82506121215941242 0.82506121215941253 0


#------------------------------------------#
-Simulacion N.12
Total de iteraciones:1001
Tiempo de ejecucion:0.5842
---Datos Iniciales---
# name: Y
# type: matrix
# rows: 6
# columns: 6
 1.9546524510741259 2.7350343348459396 2.5051705037516534 9.2991966279632514 2.4468980574921715 2.669218854361803
 2.7350343348459396 0.43212457080661015 5.693585564408802 7.6070737999400091 1.3772717054890888 1.5031903910349338
 2.5051705037516534 5.693585564408802 6.0020291411878288 4.794546060527173 3.5316823329655302 2.9491022210082116
 9.2991966279632514 7.6070737999400091 4.794546060527173 2.2194722366616726 4.9382271714382018 5.6762272957085944
 2.4468980574921715 1.3772717054890888 3.5316823329655302 4.9382271714382018 4.0281661188593105 6.4193344025898229
 2.669218854361803 1.5031903910349338 2.9491022210082116 5.6762272957085944 6.4193344025898229 9.8229600808908479


---Resultados---
-Norma resultado:0.34988
# name: lambda_res
# type: diagonal matrix
# rows: 6
# columns: 6
-1.0000000000000004
-0.82506274552905667
-0.82506274552905601
-0.82505919703138475
1.6997516255708784
2.4751856396081489


# name: Y_res
# type: matrix
# rows: 6
# columns: 6
 0 0.82506274552905601 0.82506274552905601 0.82505294598512213 0 0
 0.82506274552905601 0 0.82506274552905623 0.82505294598512247 0 0
 0.82506274552905601 0.82506274552905623 0 0.82505294598512213 0 0
 0.82505294598512213 0.82505294598512247 0.82505294598512213 0 0.0037368246168637668 0.0048553273955070529
 0 0 0 0.0037368246168637668 0.0042863126977763155 1.3048883335249293
 0 0 0 0.0048553273955070529 1.3048883335249293 0.69546626439175263


#------------------------------------------#
-Simulacion N.13
Total de iteraciones:249
Tiempo de ejecucion:0.17649
---Datos Iniciales---
# name: Y
# type: matrix
# rows: 6
# columns: 6
 0.91823076392544056 4.2457495690660627 2.969756986579549 7.3874178163756996 4.5903311441990473 4.425167496751679
 4.2457495690660627 8.3281020181330234 2.3601753210445837 6.921944685056971 4.7187407592606103 0.70247201385619074
 2.969756986579549 2.3601753210445837 0.44973201037310173 5.5397065638747076 4.0937846729436851 8.2895243696402954
 7.3874178163756996 6.921944685056971 5.5397065638747076 3.1454035555210358 2.1004630637833364 5.6190615042978518
 4.5903311441990473 4.7187407592606103 4.0937846729436851 2.1004630637833364 8.4947569415934048 4.8450174113563929
 4.425167496751679 0.70247201385619074 8.2895243696402954 5.6190615042978518 4.8450174113563929 4.5553026660713014


---Resultados---
-Norma resultado:1.0684e-10
# name: lambda_res
# type: diagonal matrix
# rows: 6
# columns: 6
-0.99999999998765488
-0.99999999996177047
-0.99999999994662003
-0.99999999994661937
1.6997551513861995
2.3002448486884268


# name: Y_res
# type: matrix
# rows: 6
# columns: 6
 0 0.95386216561824266 0.30024484869247958 0.95386216549191338 0.30024484869247914 0.30024484869247925
 0.95386216561824266 2.3196167062301697e-10 0 1.0000000000998852 0 0
 0.30024484869247958 0 0 0 0.99999999994661959 0.99999999994661914
 0.95386216549191338 1.0000000000998852 0 0 0 0
 0.30024484869247914 0 0.99999999994661959 0 0 0.99999999994661914
 0.30024484869247925 0 0.99999999994661914 0 0.99999999994661914 0


#------------------------------------------#
-Simulacion N.14
Total de iteraciones:1001
Tiempo de ejecucion:0.59554
---Datos Iniciales---
# name: Y
# type: matrix
# rows: 6
# columns: 6
 3.8424888906567753 3.9927893717477092 3.9860068112526328 5.7751688949440414 7.4453544683284187 5.9647812193369161
 3.9927893717477092 5.5834185826296103 4.0609065921966607 6.4686228984014464 6.3823649203375057 5.2841003760019483
 3.9860068112526328 4.0609065921966607 7.0618198011971316 4.1640012428716382 7.3169980768056444 5.8082867723278433
 5.7751688949440414 6.4686228984014464 4.1640012428716382 7.773139415228516 7.0895856522152245 1.7234738188550529
 7.4453544683284187 6.3823649203375057 7.3169980768056444 7.0895856522152245 9.6716173681724982 5.9560525962070594
 5.9647812193369161 5.2841003760019483 5.8082867723278433 1.7234738188550529 5.9560525962070594 3.9433586378115049


---Resultados---
-Norma resultado:0.34988
# name: lambda_res
# type: diagonal matrix
# rows: 6
# columns: 6
-0.99999999999999989
-0.82506744774564278
-0.82506744774564211
-0.82505301841301637
1.699740814347108
2.4751917814359561


# name: Y_res
# type: matrix
# rows: 6
# columns: 6
 0 0.0075477289002508236 0.82502760088828619 0.0097807810716261968 0.82502760088828664 0.82502760088828642
 0.0075477289002508236 0.007650670188415456 0 1.3057716741075311 0 0
 0.82502760088828619 0 0 0 0.82506744774564311 0.82506744774564234
 0.0097807810716261968 1.3057716741075311 0 0.69209401169034801 0 0
 0.82502760088828664 0 0.82506744774564311 0 0 0.82506744774564234
 0.82502760088828642 0 0.82506744774564234 0 0.82506744774564234 0


#------------------------------------------#
-Simulacion N.15
Total de iteraciones:240
Tiempo de ejecucion:0.14149
---Datos Iniciales---
# name: Y
# type: matrix
# rows: 6
# columns: 6
 1.9922558680699287 7.2926234340301432 4.5271021911930065 2.8937353993886434 3.274880920293413 2.0046328555505228
 7.2926234340301432 0.80568973028529389 7.5194485702081497 3.823981713974125 4.4221692902996157 7.0250041017307971
 4.5271021911930065 7.5194485702081497 3.0303396158375162 6.3054802872241185 2.6250941463778728 7.264715390148341
 2.8937353993886434 3.823981713974125 6.3054802872241185 7.3149219037747812 8.7141796875844548 6.4814577163832672
 3.274880920293413 4.4221692902996157 2.6250941463778728 8.7141796875844548 7.4946339357349476 8.3021222905636662
 2.0046328555505228 7.0250041017307971 7.264715390148341 6.4814577163832672 8.3021222905636662 9.371405605720307


---Resultados---
-Norma resultado:1.0749e-10
# name: lambda_res
# type: diagonal matrix
# rows: 6
# columns: 6
-0.9999999999875796
-0.99999999996153699
-0.99999999994629518
-0.99999999994629463
1.6997551513863431
2.3002448486887341


# name: Y_res
# type: matrix
# rows: 6
# columns: 6
 0 0.99999999994629507 0.9999999999462954 0 0 0.30024484869281282
 0.99999999994629507 0 0.99999999994629518 0 0 0.30024484869281287
 0.9999999999462954 0.99999999994629518 0 0 0 0.30024484869281287
 0 0 0 0 1.0000000001004925 0.95386216549156344
 0 0 0 1.0000000001004925 2.3337168402081802e-10 0.953862165618661
 0.30024484869281282 0.30024484869281287 0.30024484869281287 0.95386216549156344 0.953862165618661 0


#------------------------------------------#
-Simulacion N.16
Total de iteraciones:1001
Tiempo de ejecucion:0.60035
---Datos Iniciales---
# name: Y
# type: matrix
# rows: 6
# columns: 6
 9.2416079810597012 4.8426971728420032 8.2218524566369364 3.1672238032495694 3.7866252872817157 0.75350399994205952
 4.8426971728420032 7.1913921385726578 0.33799587639341377 6.2086109910475322 6.2152940027724117 9.2974746109644038
 8.2218524566369364 0.33799587639341377 0.22314977155804661 7.6086336364622591 5.3316855715976672 4.2524200665234302
 3.1672238032495694 6.2086109910475322 7.6086336364622591 3.5151456966623518 6.4130673916407757 8.2187886995961073
 3.7866252872817157 6.2152940027724117 5.3316855715976672 6.4130673916407757 8.3914639851383974 4.5521796803421211
 0.75350399994205952 9.2974746109644038 4.2524200665234302 8.2187886995961073 4.5521796803421211 2.5171040730121588


---Resultados---
-Norma resultado:0.34988
# name: lambda_res
# type: diagonal matrix
# rows: 6
# columns: 6
-0.99999999999999989
-0.82506364340791916
-0.82506364340791827
-0.8250580171254398
1.6997495610804514
2.4751868124886891


# name: Y_res
# type: matrix
# rows: 6
# columns: 6
 0.69419675172874651 0 1.3052229154713375 0 0.0061114151977772549 0
 0 0 0 0.82506364340791849 0.82504810593829569 0.82506364340791838
 1.3052229154713375 0 0.0055543178991167286 0 0.00470828382474427 0
 0 0.82506364340791849 0 0 0.82504810593829592 0.82506364340791838
 0.0061114151977772549 0.82504810593829569 0.00470828382474427 0.82504810593829592 0 0.82504810593829569
 0 0.82506364340791838 0 0.82506364340791838 0.82504810593829569 0


#------------------------------------------#
-Simulacion N.17
Total de iteraciones:1001
Tiempo de ejecucion:0.59922
---Datos Iniciales---
# name: Y
# type: matrix
# rows: 6
# columns: 6
 4.2312529311702685 1.798505448003485 6.8987444485246145 5.540871639172634 7.848705213885907 7.4479774371591274
 1.798505448003485 9.0424373368088258 8.7300671456120771 4.1063952178490295 5.4709999497301407 4.6289745516462197
 6.8987444485246145 8.7300671456120771 4.1215122174404408 0.8310392007704831 4.577495935984369 0.63863762513718558
 5.540871639172634 4.1063952178490295 0.8310392007704831 0.41476960282869291 8.6961778967901751 7.0501340540711421
 7.848705213885907 5.4709999497301407 4.577495935984369 8.6961778967901751 7.6170573739689598 1.8441397315291059
 7.4479774371591274 4.6289745516462197 0.63863762513718558 7.0501340540711421 1.8441397315291059 0.20645169148044151


---Resultados---
-Norma resultado:0.34988
# name: lambda_res
# type: diagonal matrix
# rows: 6
# columns: 6
-0.99999999999999922
-0.8250619895347131
-0.82506198953471266
-0.82506019052703317
1.6997533638664675
2.4751846520278518


# name: Y_res
# type: matrix
# rows: 6
# columns: 6
 0 0 0 0.82506198953471277 0.82505702136378045 0.82506198953471255
 0 0.69713040555948258 1.3044472877827471 0 0.0034588200620302117 0
 0 1.3044472877827471 0.0026234407383776454 0 0.0026585160657446815 0
 0.82506198953471277 0 0 0 0.82505702136378067 0.82506198953471288
 0.82505702136378045 0.0034588200620302117 0.0026585160657446815 0.82505702136378067 0 0.8250570213637809
 0.82506198953471255 0 0 0.82506198953471288 0.8250570213637809 0


#------------------------------------------#
-Simulacion N.18
Total de iteraciones:1001
Tiempo de ejecucion:0.59749
---Datos Iniciales---
# name: Y
# type: matrix
# rows: 6
# columns: 6
 2.8576572651178189 4.5036199382292441 9.2776765040581637 6.6721898728083122 4.9474671203109368 3.1113731011071488
 4.5036199382292441 1.7477479770689264 6.6269242516376465 1.6785104637531232 5.2518863145317241 6.7012567504511455
 9.2776765040581637 6.6269242516376465 4.6260349059371002 5.1356575768269348 5.1121586608171619 3.5826776261454052
 6.6721898728083122 1.6785104637531232 5.1356575768269348 4.5403267516942361 5.678747011227232 4.6887211404499176
 4.9474671203109368 5.2518863145317241 5.1121586608171619 5.678747011227232 5.7599951372853608 2.931136375088629
 3.1113731011071488 6.7012567504511455 3.5826776261454052 4.6887211404499176 2.931136375088629 7.4969767178918447


---Resultados---
-Norma resultado:0.34988
# name: lambda_res
# type: diagonal matrix
# rows: 6
# columns: 6
-1.0000000000000002
-0.82506121215941186
-0.82506121215941142
-0.82506121215941075
1.6997551513623528
2.4751836364782354


# name: Y_res
# type: matrix
# rows: 6
# columns: 6
 0 0 0.82506121215941208 0.82506121215941186 0.82506121215941119 0
 0 3.0418246953543931e-16 0 0 1.2035887637252731e-16 1.3037465824930679
 0.82506121215941208 0 0 0.82506121215941219 0.82506121215941142 0
 0.82506121215941186 0 0.82506121215941219 0 0.82506121215941131 0
 0.82506121215941119 1.2035887637252731e-16 0.82506121215941142 0.82506121215941131 0 0
 0 1.3037465824930679 0 0 0 0.69975515136235233


#------------------------------------------#
-Simulacion N.19
Total de iteraciones:256
Tiempo de ejecucion:0.15054
---Datos Iniciales---
# name: Y
# type: matrix
# rows: 6
# columns: 6
 2.5869481779835315 3.2093376931746977 5.0545522680514701 5.9885601443097043 8.6420457686108527 5.0085054522544334
 3.2093376931746977 6.2678258485433833 6.7303372507716235 4.1557820359242656 8.4743972296814523 7.2694598709307128
 5.0545522680514701 6.7303372507716235 5.6469893502997746 5.3072842358461418 2.0931450142026513 2.0864279512709758
 5.9885601443097043 4.1557820359242656 5.3072842358461418 9.3050840919730398 4.5231380532598093 5.5910158128681795
 8.6420457686108527 8.4743972296814523 2.0931450142026513 4.5231380532598093 8.3864312526104055 3.7437627176801951
 5.0085054522544334 7.2694598709307128 2.0864279512709758 5.5910158128681795 3.7437627176801951 0.23919817479002514


---Resultados---
-Norma resultado:1.0788e-10
# name: lambda_res
# type: diagonal matrix
# rows: 6
# columns: 6
-0.99999999998753242
-0.9999999999613991
-0.99999999994610278
-0.99999999994610267
1.69975515138643
2.3002448486889211


# name: Y_res
# type: matrix
# rows: 6
# columns: 6
 0 0.99999999994610267 0 0 0.99999999994610222 0.3002448486930121
 0.99999999994610267 0 0 0 0.99999999994610245 0.30024484869301205
 0 0 0 1.0000000001008549 0 0.95386216549135505
 0 0 1.0000000001008549 2.3421409748932318e-10 0 0.95386216561891146
 0.99999999994610222 0.99999999994610245 0 0 0 0.30024484869301216
 0.3002448486930121 0.30024484869301205 0.95386216549135505 0.95386216561891146 0.30024484869301216 0


#------------------------------------------#
-Simulacion N.20
Total de iteraciones:225
Tiempo de ejecucion:0.13325
---Datos Iniciales---
# name: Y
# type: matrix
# rows: 6
# columns: 6
 2.0495422382294715 2.0315376128736746 6.1004172387311062 7.7580696363801911 3.3896195655057655 4.7965317505236555
 2.0315376128736746 8.7692274939839834 4.3493919368039808 5.9190039849097182 2.9569971010232612 2.9321222695106544
 6.1004172387311062 4.3493919368039808 6.5937843289843752 6.0200575792794595 6.3159110876523021 6.8839661936411591
 7.7580696363801911 5.9190039849097182 6.0200575792794595 4.9449731369957073 9.139135916334066 3.3596475585001273
 3.3896195655057655 2.9569971010232612 6.3159110876523021 9.139135916334066 9.1207465144385118 1.3941155044104163
 4.7965317505236555 2.9321222695106544 6.8839661936411591 3.3596475585001273 1.3941155044104163 9.0005509418596219


---Resultados---
-Norma resultado:1.0631e-10
# name: lambda_res
# type: diagonal matrix
# rows: 6
# columns: 6
-0.9999999999873479
-0.99999999996314715
-0.99999999994648037
-0.99999999994647604
1.6997551513988882
2.3002448486787066


# name: Y_res
# type: matrix
# rows: 6
# columns: 6
 0 0.21333551125601224 0.99124633110303795 0.21229030627263387 0.21298242003339052 0.9783348551806561
 0.21333551125601224 0 0.082481982431698964 0.9999994278079708 0.99999993464257397 0.0064508071966430502
 0.99124633110303795 0.082481982431698964 0 0.081415871519626454 0.082121811472531975 0.9971038956381153
 0.21229030627263387 0.9999994278079708 0.081415871519626454 0 0.99999974909363276 0.0053811170693443319
 0.21298242003339052 0.99999993464257397 0.082121811472531975 0.99999974909363276 0 0.0060894172819276823
 0.9783348551806561 0.0064508071966430502 0.9971038956381153 0.0053811170693443319 0.0060894172819276823 2.3414276184211113e-10


#------------------------------------------#
-Simulacion N.21
Total de iteraciones:200
Tiempo de ejecucion:0.11646
---Datos Iniciales---
# name: Y
# type: matrix
# rows: 6
# columns: 6
 6.1053544961949093 5.7608057459792086 7.1398910631930637 6.0652716290985724 9.4655327681232055 3.6283332307519816
 5.7608057459792086 6.4368011695391942 1.9461907920540045 4.8423199514530824 3.6063584754679505 6.4486266695605554
 7.1398910631930637 1.9461907920540045 6.4365825774160781 6.4303720456328115 5.7544016601026051 7.425129147437227
 6.0652716290985724 4.8423199514530824 6.4303720456328115 4.6528929668193761 4.880650791242628 8.5713838532046935
 9.4655327681232055 3.6063584754679505 5.7544016601026051 4.880650791242628 9.4046983925776324 8.5280993466171022
 3.6283332307519816 6.4486266695605554 7.425129147437227 8.5713838532046935 8.5280993466171022 9.4620412784746204


---Resultados---
-Norma resultado:1.1015e-10
# name: lambda_res
# type: diagonal matrix
# rows: 6
# columns: 6
-0.99999999998708855
-0.99999999996119748
-0.99999999994498423
-0.99999999994462385
1.6997551514017877
2.3002448486789846


# name: Y_res
# type: matrix
# rows: 6
# columns: 6
 0 0 0.98345385080561365 0.12236193260461259 0.99999999994498401 0.0001102060756816559
 0 0 0.1811588342453006 0.99248554516995635 0 0.99999999402947459
 0.98345385080561365 0.1811588342453006 0 0.30013483819535203 0.98345385080561343 0.18126721576164251
 0.12236193260461259 0.99248554516995635 0.30013483819535203 0 0.12236193260461264 0.99249902431114245
 0.99999999994498401 0 0.98345385080561343 0.12236193260461264 0 0.00011020607568173916
 0.0001102060756816559 0.99999999402947459 0.18126721576164251 0.99249902431114245 0.00011020607568173916 2.4287761355136931e-10


#------------------------------------------#
-Simulacion N.22
Total de iteraciones:248
Tiempo de ejecucion:0.14595
---Datos Iniciales---
# name: Y
# type: matrix
# rows: 6
# columns: 6
 0.44433564394102287 8.3835506418430423 4.7964532552406496 4.9767222275901846 9.7087678096445114 2.4082958326134274
 8.3835506418430423 1.5055801306672256 8.7160958934039758 5.0762892626226588 1.3334828702767432 5.3976547673631829
 4.7964532552406496 8.7160958934039758 9.4725200479927754 7.3744038967824057 0.74587827471523982 5.6169012243288936
 4.9767222275901846 5.0762892626226588 7.3744038967824057 8.0852570189775577 5.7022341414443671 7.7874008844644322
 9.7087678096445114 1.3334828702767432 0.74587827471523982 5.7022341414443671 0.16110862405412929 1.9636189427852064
 2.4082958326134274 5.3976547673631829 5.6169012243288936 7.7874008844644322 1.9636189427852064 7.1655287588065475


---Resultados---
-Norma resultado:1.1184e-10
# name: lambda_res
# type: diagonal matrix
# rows: 6
# columns: 6
-0.99999999998707667
-0.99999999995998157
-0.99999999994412336
-0.99999999994412203
1.6997551513873148
2.3002448486908018


# name: Y_res
# type: matrix
# rows: 6
# columns: 6
 0 0 0 0.95386216548922476 1.0000000001045579 0
 0 0 0.99999999994412248 0.30024484869504453 0 0.99999999994412292
 0 0.99999999994412248 0 0.30024484869504486 0 0.99999999994412281
 0.95386216548922476 0.30024484869504453 0.30024484869504486 0 0.9538621656214642 0.30024484869504442
 1.0000000001045579 0 0 0.9538621656214642 2.4281275371205107e-10 0
 0 0.99999999994412292 0.99999999994412281 0.30024484869504442 0 0


#------------------------------------------#
-Simulacion N.23
Total de iteraciones:247
Tiempo de ejecucion:0.14832
---Datos Iniciales---
# name: Y
# type: matrix
# rows: 6
# columns: 6
 5.3398230264940718 4.6660615359892246 3.719949106366256 5.8599544681950162 5.3953002557516623 6.0433264797229471
 4.6660615359892246 9.9032167330765013 2.4615198768197311 4.6456345649426085 1.4299816615124827 5.084454967319604
 3.719949106366256 2.4615198768197311 2.753077533543391 6.0026042316712793 7.393514299595016 5.1736738165079341
 5.8599544681950162 4.6456345649426085 6.0026042316712793 1.3053463601600623 8.8158389380771887 3.9887743116917851
 5.3953002557516623 1.4299816615124827 7.393514299595016 8.8158389380771887 8.1193991829894898 2.2753450561092898
 6.0433264797229471 5.084454967319604 5.1736738165079341 3.9887743116917851 2.2753450561092898 6.9163684137907939


---Resultados---
-Norma resultado:1.1283e-10
# name: lambda_res
# type: diagonal matrix
# rows: 6
# columns: 6
-0.99999999998696254
-0.9999999999596294
-0.99999999994363131
-0.99999999994363098
1.6997551513875337
2.3002448486912694


# name: Y_res
# type: matrix
# rows: 6
# columns: 6
 0 0.95386216562209869 0.30024484869555046 0.3002448486955499 0.30024484869555013 0.95386216548869496
 0.95386216562209869 2.4494979006154111e-10 0 0 0 1.0000000001054781
 0.30024484869555046 0 0 0.9999999999436302 0.99999999994363054 0
 0.3002448486955499 0 0.9999999999436302 0 0.99999999994363042 0
 0.30024484869555013 0 0.99999999994363054 0.99999999994363042 0 0
 0.95386216548869496 1.0000000001054781 0 0 0 0


#------------------------------------------#
-Simulacion N.24
Total de iteraciones:214
Tiempo de ejecucion:0.1273
---Datos Iniciales---
# name: Y
# type: matrix
# rows: 6
# columns: 6
 2.9066630882044686 6.7486830138231815 8.0630863644397088 4.4984441427396087 2.8059308137561993 3.1187271967580541
 6.7486830138231815 6.975619415116495 3.29450808179433 8.9199642039296663 5.6689819970906745 6.0335769788458098
 8.0630863644397088 3.29450808179433 4.9747984071223428 7.0208959214031639 3.2714552533911347 7.830778333090386
 4.4984441427396087 8.9199642039296663 7.0208959214031639 8.5489011286816066 4.5891861889060204 4.1379141938694879
 2.8059308137561993 5.6689819970906745 3.2714552533911347 4.5891861889060204 3.9072270209224271 7.4613055769537944
 3.1187271967580541 6.0335769788458098 7.830778333090386 4.1379141938694879 7.4613055769537944 5.2375963596991362


---Resultados---
-Norma resultado:1.1304e-10
# name: lambda_res
# type: diagonal matrix
# rows: 6
# columns: 6
-0.99999999998672584
-0.99999999996015165
-0.99999999994356792
-0.99999999994293176
1.6997551514005269
2.3002448486818778


# name: Y_res
# type: matrix
# rows: 6
# columns: 6
 0 0.98364018867586633 0.3001468721139402 0.98365786302542668 0.18014432864014224 0.18014432864014207
 0.98364018867586633 0 0.12339811187474749 0.99999999528949712 0 0
 0.3001468721139402 0.12339811187474749 0 0.12349549892596051 0.99235724710001749 0.99235724710001705
 0.98365786302542668 0.99999999528949712 0.12349549892596051 2.4902665194245079e-10 9.8137667233112646e-05 9.8137667233244471e-05
 0.18014432864014224 0 0.99235724710001749 9.8137667233112646e-05 0 0.99999999994356803
 0.18014432864014207 0 0.99235724710001705 9.8137667233244471e-05 0.99999999994356803 0


#------------------------------------------#
-Simulacion N.25
Total de iteraciones:256
Tiempo de ejecucion:0.15243
---Datos Iniciales---
# name: Y
# type: matrix
# rows: 6
# columns: 6
 7.0832108641165901 9.8006471903275028 2.7997011292251841 1.589627617184181 5.3821920255891076 5.0068311193143735
 9.8006471903275028 4.4512317181421635 5.5236261196093377 5.6286337459025839 0.63412273221333471 7.3266042359112999
