#Resultados de la simulacion de P2.
#------------------------------------------#
-Precision:eps(10^-10)
-Dimension:10
-Maximo de Iteraciones:1000
-Maximo de Simulaciones:100
-Valor de k:0.58039
# name: lambda
# type: diagonal matrix
# rows: 6
# columns: 6
-1
-1
-1
-1
1.580391257582006
2.419608742417994


#------------------------------------------#
-Simulacion N.1
Total de iteraciones:301
Tiempo de ejecucion:0.17998
---Datos Iniciales---
# name: Y
# type: matrix
# rows: 6
# columns: 6
 2.1844316047487178 5.7824750706012935 5.1995000574855137 0.6709218398277017 3.1296461264027364 9.5822854732067171
 5.7824750706012935 0.36960937802221538 3.7748717815526893 1.4100668886492203 2.5608553323338756 2.3511850594852501
 5.1995000574855137 3.7748717815526893 7.6617384643812567 2.5720471175518025 7.5783718539501956 5.2176468233985567
 0.6709218398277017 1.4100668886492203 2.5720471175518025 5.8917332790152059 7.5948598512648893 5.0265428133585957
 3.1296461264027364 2.5608553323338756 7.5783718539501956 7.5948598512648893 0.9059561998692689 2.1268764718492799
 9.5822854732067171 2.3511850594852501 5.2176468233985567 5.0265428133585957 2.1268764718492799 2.3363391115367103


---Resultados---
-Norma resultado:1.1559e-10
# name: lambda_res
# type: diagonal matrix
# rows: 6
# columns: 6
-0.99999999998751854
-0.99999999995668609
-0.99999999994274824
-0.99999999994274746
1.5803912576000676
2.419608742476576


# name: Y_res
# type: matrix
# rows: 6
# columns: 6
 0 0.99999999994274824 0.4196087425001005 0 0 0.99999999994274757
 0.99999999994274824 0 0.4196087425001005 0 0 0.9999999999427478
 0.4196087425001005 0.4196087425001005 0 0.90770507509911336 0.90770507497294761 0.41960874250010016
 0 0 0.90770507509911336 2.4694348612805912e-10 1.0000000001086196 0
 0 0 0.90770507497294761 1.0000000001086196 0 0
 0.99999999994274757 0.9999999999427478 0.41960874250010016 0 0 0


#------------------------------------------#
-Simulacion N.2
Total de iteraciones:289
Tiempo de ejecucion:0.16664
---Datos Iniciales---
# name: Y
# type: matrix
# rows: 6
# columns: 6
 4.5858383944220948 4.9878056450134256 6.0754274270336914 2.7529894061335476 3.1355397238310658 4.7841991787398062
 4.9878056450134256 1.8536995739417039 6.6924141702415714 2.9576859512958782 2.7221838468159709 9.159473579504434
 6.0754274270336914 6.6924141702415714 1.7160920513671907 5.4746588991639591 6.3257607602761992 7.250717443675434
 2.7529894061335476 2.9576859512958782 5.4746588991639591 6.8803188127836368 5.6757494981808403 7.5698221809738726
 3.1355397238310658 2.7221838468159709 6.3257607602761992 5.6757494981808403 3.338881828947188 6.2049718451757316
 4.7841991787398062 9.159473579504434 7.250717443675434 7.5698221809738726 6.2049718451757316 8.7149679765024128


---Resultados---
-Norma resultado:1.1189e-10
# name: lambda_res
# type: diagonal matrix
# rows: 6
# columns: 6
-0.99999999998791667
-0.99999999995807287
-0.99999999994458066
-0.99999999994457922
1.5803912575994885
2.4196087424747015


# name: Y_res
# type: matrix
# rows: 6
# columns: 6
 0 0.99999999994457922 0.99999999994457989 0 0 0.41960874249747315
 0.99999999994457922 0 0.99999999994458 0 0 0.41960874249747315
 0.99999999994457989 0.99999999994458 0 0 0 0.41960874249747315
 0 0 0 2.3904118451922039e-10 1.0000000001051423 0.90770507509780374
 0 0 0 1.0000000001051423 0 0.90770507497567499
 0.41960874249747315 0.41960874249747315 0.41960874249747315 0.90770507509780374 0.90770507497567499 0


#------------------------------------------#
-Simulacion N.3
Total de iteraciones:212
Tiempo de ejecucion:0.12245
---Datos Iniciales---
# name: Y
# type: matrix
# rows: 6
# columns: 6
 8.6275242674076811 3.6854654179995583 7.8076472388042086 4.9970097339443571 4.9174413138330859 8.3466854278895255
 3.6854654179995583 2.0514868093021432 8.1705536594985837 4.7083457367729702 6.1661426393404506 8.4123258112740409
 7.8076472388042086 8.1705536594985837 3.5335145107607158 4.513103862996874 4.952123759745545 3.0047361826748893
 4.9970097339443571 4.7083457367729702 4.513103862996874 5.2691720656561394 4.9231589171511345 7.3175479860184005
 4.9174413138330859 6.1661426393404506 4.952123759745545 4.9231589171511345 4.7569582037645244 1.4249807495136313
 8.3466854278895255 8.4123258112740409 3.0047361826748893 7.3175479860184005 1.4249807495136313 2.8629236579582908


---Resultados---
-Norma resultado:1.1311e-10
# name: lambda_res
# type: diagonal matrix
# rows: 6
# columns: 6
-0.99999999998653111
-0.99999999996027944
-0.99999999994347921
-0.99999999994337585
1.5803912576235362
2.4196087424596135


# name: Y_res
# type: matrix
# rows: 6
# columns: 6
 0 0.13091244177874201 0.079727370090522262 0.97711565434579928 0.0072166297678617052 0.99998610811360134
 0.13091244177874201 0 0.99867534094786814 0.3387947271254842 0.99231286472830527 0.12568498331549632
 0.079727370090522262 0.99867534094786814 0 0.28993446327143207 0.99736611224925986 0.074472039234784487
 0.97711565434579928 0.3387947271254842 0.28993446327143207 0 0.21975465910346928 0.97598089225867657
 0.0072166297678617052 0.99231286472830527 0.99736611224925986 0.21975465910346928 2.4948466560050815e-10 0.0019456643286947166
 0.99998610811360134 0.12568498331549632 0.074472039234784487 0.97598089225867657 0.0019456643286947166 0


#------------------------------------------#
-Simulacion N.4
Total de iteraciones:368
Tiempo de ejecucion:0.20989
---Datos Iniciales---
# name: Y
# type: matrix
# rows: 6
# columns: 6
 2.1578319972716398 5.6447992680843253 5.0249258695631864 5.1752624689248172 4.9540989353443052 4.1413314766024403
 5.6447992680843253 2.9413000095171151 6.8459693059364373 5.9836774360436724 7.1682359828586435 5.5633662917928062
 5.0249258695631864 6.8459693059364373 5.4084779937863248 7.7788208091235873 5.4227784410355993 0.44228596777012519
 5.1752624689248172 5.9836774360436724 7.7788208091235873 0.52677343668803722 2.1281272370851307 5.5504029110687103
 4.9540989353443052 7.1682359828586435 5.4227784410355993 2.1281272370851307 3.1821167353717339 4.807519994221483
 4.1413314766024403 5.5633662917928062 0.44228596777012519 5.5504029110687103 4.807519994221483 5.3392237234301376


---Resultados---
-Norma resultado:1.079e-10
# name: lambda_res
# type: diagonal matrix
# rows: 6
# columns: 6
-0.99999999998834965
-0.99999999995956801
-0.99999999994655775
-0.99999999994655642
1.580391257598867
2.4196087424726795


# name: Y_res
# type: matrix
# rows: 6
# columns: 6
 0 0.41960874249463787 0.99999999994655708 0.99999999994655764 0 0
 0.41960874249463787 0 0.41960874249463775 0.41960874249463809 0.90770507497861852 0.90770507509639076
 0.99999999994655708 0.41960874249463775 0 0.99999999994655775 0 0
 0.99999999994655764 0.41960874249463809 0.99999999994655775 0 0 0
 0 0.90770507497861852 0 0 0 1.0000000001013927
 0 0.90770507509639076 0 0 1.0000000001013927 2.3051345267499863e-10


#------------------------------------------#
-Simulacion N.5
Total de iteraciones:221
Tiempo de ejecucion:0.12602
---Datos Iniciales---
# name: Y
# type: matrix
# rows: 6
# columns: 6
 2.1895667976332032 4.3730821070463364 6.27403050606212 7.2110525796344858 5.5121532062128287 2.6432939066290451
 4.3730821070463364 1.7838483917272052 7.8651324399111981 3.6163488583741747 9.1202206508408175 4.8634212420823708
 6.27403050606212 7.8651324399111981 8.3120983435986133 7.5518748669698388 4.4988514455112583 4.9655267210276364
 7.2110525796344858 3.6163488583741747 7.5518748669698388 0.96181708175725578 3.7511849907821295 4.8275884561951976
 5.5121532062128287 9.1202206508408175 4.4988514455112583 3.7511849907821295 9.0655768067706823 7.3557604616004664
 2.6432939066290451 4.8634212420823708 4.9655267210276364 4.8275884561951976 7.3557604616004664 1.6920854564152787


---Resultados---
-Norma resultado:1.0951e-10
# name: lambda_res
# type: diagonal matrix
# rows: 6
# columns: 6
-0.99999999998657629
-0.99999999996188371
-0.99999999994492772
-0.999999999944851
1.580391257618315
2.4196087424611314


# name: Y_res
# type: matrix
# rows: 6
# columns: 6
 0 0.31185590781117511 0.99992135239265201 0.99989048506279676 0.017116604851760947 0.11932174301404383
 0.31185590781117511 0 0.29991534461926728 0.29776055326117756 0.95532812908648546 0.98055253222676952
 0.99992135239265201 0.29991534461926728 0 0.99999745072598534 0.0045756080871486009 0.10686047164767812
 0.99989048506279676 0.29776055326117756 0.99999745072598534 0 0.0023176494249279559 0.10461515768270152
 0.017116604851760947 0.95532812908648546 0.0045756080871486009 0.0023176494249279559 2.4120786931904177e-10 0.99475256994305239
 0.11932174301404383 0.98055253222676952 0.10686047164767812 0.10461515768270152 0.99475256994305239 0


#------------------------------------------#
-Simulacion N.6
Total de iteraciones:224
Tiempo de ejecucion:0.12994
---Datos Iniciales---
# name: Y
# type: matrix
# rows: 6
# columns: 6
 0.25380671296944213 8.4747872244951843 6.8107855439793692 3.2334536892787868 8.5922222301339666 4.0505871121274453
 8.4747872244951843 0.23102873608859764 4.8098998459272764 7.0616299127299573 0.78653912164869777 3.4262439621890799
 6.8107855439793692 4.8098998459272764 6.5527015712555015 4.0736270074472953 0.56106677747808809 5.2504386617694809
 3.2334536892787868 7.0616299127299573 4.0736270074472953 3.2060648780428647 5.4643354577184731 5.7531060345398366
 8.5922222301339666 0.78653912164869777 0.56106677747808809 5.4643354577184731 4.6650712263974441 3.3406171975035952
 4.0505871121274453 3.4262439621890799 5.2504386617694809 5.7531060345398366 3.3406171975035952 6.2968538013502764


---Resultados---
-Norma resultado:1.089e-10
# name: lambda_res
# type: diagonal matrix
# rows: 6
# columns: 6
-0.99999999998662159
-0.99999999996210942
-0.99999999994521038
-0.99999999994521005
1.5803912576182511
2.4196087424607984


# name: Y_res
# type: matrix
# rows: 6
# columns: 6
 0 0.12678610282564418 0.12696274890085618 0.98611529373590256 0.99245557828201059 0.12681953796048939
 0.12678610282564418 0 0.99999998408803736 0.28974772611418392 0.0042142329983907087 0.9999999993771217
 0.12696274890085618 0.99999998408803736 0 0.28991816742661081 0.0043923165693130119 0.99999998952270663
 0.98611529373590256 0.28974772611418392 0.28991816742661081 0 0.95831561912364616 0.28977998723415244
 0.99245557828201059 0.0042142329983907087 0.0043923165693130119 0.95831561912364616 2.3989795533481098e-10 0.0042479399181263016
 0.12681953796048939 0.9999999993771217 0.99999998952270663 0.28977998723415244 0.0042479399181263016 0


#------------------------------------------#
-Simulacion N.7
Total de iteraciones:286
Tiempo de ejecucion:0.16428
---Datos Iniciales---
# name: Y
# type: matrix
# rows: 6
# columns: 6
 1.9790149677712265 1.8467880689938814 4.1798048001303911 6.7765136417829153 9.1318849277072438 7.0097658080835004
 1.8467880689938814 0.50557549279223846 6.107057978420559 4.6319843671987702 1.1371653876725911 7.0935039573585801
 4.1798048001303911 6.107057978420559 1.4976802776353304 4.8893204368157326 2.6055752679262425 4.855615823914806
 6.7765136417829153 4.6319843671987702 4.8893204368157326 2.6767852681233997 4.9501515743874425 8.3154754756313558
 9.1318849277072438 1.1371653876725911 2.6055752679262425 4.9501515743874425 3.648175957864952 4.021989143440722
 7.0097658080835004 7.0935039573585801 4.855615823914806 8.3154754756313558 4.021989143440722 8.3348428816602738


---Resultados---
-Norma resultado:1.1004e-10
# name: lambda_res
# type: diagonal matrix
# rows: 6
# columns: 6
-0.99999999998811751
-0.99999999995876265
-0.99999999994549382
-0.99999999994549182
1.5803912575992012
2.4196087424737693


# name: Y_res
# type: matrix
# rows: 6
# columns: 6
 0 0 0 0.9077050749770339 1.0000000001034113 0
 0 0 0.99999999994549316 0.41960874249616398 0 0.9999999999454936
 0 0.99999999994549316 0 0.41960874249616414 0 0.99999999994549404
 0.9077050749770339 0.41960874249616398 0.41960874249616414 0 0.90770507509715126 0.41960874249616442
 1.0000000001034113 0 0 0.90770507509715126 2.3510366064109115e-10 0
 0 0.9999999999454936 0.99999999994549404 0.41960874249616442 0 0


#------------------------------------------#
-Simulacion N.8
Total de iteraciones:217
Tiempo de ejecucion:0.12845
---Datos Iniciales---
# name: Y
# type: matrix
# rows: 6
# columns: 6
 9.9532775320985163 6.2957633800103432 5.3671264282877278 2.2260891308030137 6.1992128560916271 2.4752585953362081
 6.2957633800103432 4.0349891240454783 6.8655495274816962 4.6771079599575991 7.3713326535321979 9.7719191606901923
 5.3671264282877278 6.8655495274816962 8.3190957622155768 4.0622770278010938 7.3223948571030268 5.9026768857533725
 2.2260891308030137 4.6771079599575991 4.0622770278010938 9.2856315628234096 6.6113724514095278 3.6917488150538649
 6.1992128560916271 7.3713326535321979 7.3223948571030268 6.6113724514095278 4.9160177796658733 6.31136065496006
 2.4752585953362081 9.7719191606901923 5.9026768857533725 3.6917488150538649 6.31136065496006 0.56833427658240177


---Resultados---
-Norma resultado:1.1589e-10
# name: lambda_res
# type: diagonal matrix
# rows: 6
# columns: 6
-0.99999999998617106
-0.99999999995826672
-0.99999999994273348
-0.99999999994137345
1.5803912576198693
2.4196087424641224


# name: Y_res
# type: matrix
# rows: 6
# columns: 6
 0 0.98222525540107042 0.99999999994273447 3.1450410563276165e-06 0.24176524618872883 0
 0.98222525540107042 0 0.98222525540107031 0.18770910275321631 0.41960560220675375 0.18770601358428973
 0.99999999994273447 0.98222525540107031 0 3.1450410563553721e-06 0.24176524618872886 0
 3.1450410563276165e-06 0.18770910275321631 3.1450410563553721e-06 2.5544559254759834e-10 0.97033553038745146 1.0000000001026979
 0.24176524618872883 0.41960560220675375 0.24176524618872886 0.97033553038745146 0 0.97033476988638212
 0 0.18770601358428973 0 1.0000000001026979 0.97033476988638212 0


#------------------------------------------#
-Simulacion N.9
Total de iteraciones:201
Tiempo de ejecucion:0.11502
---Datos Iniciales---
# name: Y
# type: matrix
# rows: 6
# columns: 6
 8.6239661887298187 6.2985615063156448 4.3351679807186336 3.636926809185236 8.7701128479615402 4.5864818807023173
 6.2985615063156448 1.8542225488181729 5.2722145862169851 4.4035514494461623 3.4622639959690646 7.4839161851082041
 4.3351679807186336 5.2722145862169851 4.7865611826460972 1.2763652231744371 4.8456909826360679 7.6757244058619625
 3.636926809185236 4.4035514494461623 1.2763652231744371 4.5493866461694132 7.1897300020036354 3.9893231134344576
 8.7701128479615402 3.4622639959690646 4.8456909826360679 7.1897300020036354 4.9355758613605953 2.8314226166206966
 4.5864818807023173 7.4839161851082041 7.6757244058619625 3.9893231134344576 2.8314226166206966 2.8362906038200784


---Resultados---
-Norma resultado:1.0715e-10
# name: lambda_res
# type: diagonal matrix
# rows: 6
# columns: 6
-0.99999999998720412
-0.99999999996141831
-0.99999999994706235
-0.99999999994581723
1.5803912576172192
2.4196087424605


# name: Y_res
# type: matrix
# rows: 6
# columns: 6
 0 0.41960874242753765 0.19422442787275651 0.98095712012360958 0.98095712012361014 0.19422442784323662
 0.41960874242753765 0 0.97191802440587716 0.23531968471905804 0.23531968471905773 0.97191802427228824
 0.19422442787275651 0.97191802440587716 2.3621556225505173e-10 0 0 1.0000000000994991
 0.98095712012360958 0.23531968471905804 0 0 0.99999999994706479 0
 0.98095712012361014 0.23531968471905773 0 0.99999999994706479 0 0
 0.19422442784323662 0.97191802427228824 1.0000000000994991 0 0 0


#------------------------------------------#
-Simulacion N.10
Total de iteraciones:219
Tiempo de ejecucion:0.12564
---Datos Iniciales---
# name: Y
# type: matrix
# rows: 6
# columns: 6
 7.4421909928306622 3.3552363351082342 3.7928514597890755 6.2256139075195156 5.2694733259372875 3.0507955036330481
 3.3552363351082342 0.72987005112685854 5.359747953940226 5.8111155248055359 4.0007176453791118 6.8463203899990148
 3.7928514597890755 5.359747953940226 4.1564844053041208 2.7433652060148233 1.3068961046320422 7.43825775096035
 6.2256139075195156 5.8111155248055359 2.7433652060148233 0.24393056457451157 8.4093103836133274 5.9862983838734687
 5.2694733259372875 4.0007176453791118 1.3068961046320422 8.4093103836133274 9.9813760641720854 7.221067965711824
 3.0507955036330481 6.8463203899990148 7.43825775096035 5.9862983838734687 7.221067965711824 1.3236581725827534


---Resultados---
-Norma resultado:1.0595e-10
# name: lambda_res
# type: diagonal matrix
# rows: 6
# columns: 6
-0.99999999998728206
-0.99999999996294409
-0.99999999994702693
-0.99999999994671229
1.5803912576196526
2.4196087424578918


# name: Y_res
# type: matrix
# rows: 6
# columns: 6
 0 0.1851530995760326 0.18768845103367204 0.99420381461419172 0.98359007481669813 0.33385856083969223
 0.1851530995760326 0 0.99999667022653127 0.078427086311261385 0.0048164792701156471 0.98813987884343413
 0.18768845103367204 0.99999667022653127 0 0.08099946370554581 0.0073970204236896014 0.98853285438119576
 0.99420381461419172 0.078427086311261385 0.08099946370554581 0 0.99728603136910865 0.23058039334325542
 0.98359007481669813 0.0048164792701156471 0.0073970204236896014 0.99728603136910865 2.3357878506443153e-10 0.15831401238221046
 0.33385856083969223 0.98813987884343413 0.98853285438119576 0.23058039334325542 0.15831401238221046 0


#------------------------------------------#
-Simulacion N.11
Total de iteraciones:231
Tiempo de ejecucion:0.1328
---Datos Iniciales---
# name: Y
# type: matrix
# rows: 6
# columns: 6
 4.0393392948175153 4.7945731259223106 6.3595453162345397 4.2081841390290027 6.2565859288450456 2.1217761705340212
 4.7945731259223106 6.2202555013133427 3.9160813171375328 2.7842856565050216 0.96345056804307661 4.0338751419814436
 6.3595453162345397 3.9160813171375328 1.2322590172028436 5.0490926242865068 5.8470679342276171 4.4754043648015855
 4.2081841390290027 2.7842856565050216 5.0490926242865068 6.212896134853847 3.2282900158883256 8.7254113741901165
 6.2565859288450456 0.96345056804307661 5.8470679342276171 3.2282900158883256 9.1488796783394726 4.2929668602203126
 2.1217761705340212 4.0338751419814436 4.4754043648015855 8.7254113741901165 4.2929668602203126 4.007524061004438


---Resultados---
-Norma resultado:1.1421e-10
# name: lambda_res
# type: diagonal matrix
# rows: 6
# columns: 6
-0.99999999998602995
-0.99999999996043476
-0.9999999999421687
-0.99999999994216793
1.5803912576150843
2.4196087424663171


# name: Y_res
# type: matrix
# rows: 6
# columns: 6
 0 0.024023771973455565 0.92699222956040539 0.02402377197345526 0.99971138764909695 0.024023771973455232
 0.024023771973455565 0 0.39724213005516607 0.99999999994216782 0 0.99999999994216771
 0.92699222956040539 0.39724213005516607 0 0.39724213005516595 0.91771383898694414 0.39724213005516595
 0.02402377197345526 0.99999999994216782 0.39724213005516595 0 0 0.99999999994216804
 0.99971138764909695 0 0.91771383898694414 0 2.5060006719264402e-10 0
 0.024023771973455232 0.99999999994216771 0.39724213005516595 0.99999999994216804 0 0


#------------------------------------------#
-Simulacion N.12
Total de iteraciones:291
Tiempo de ejecucion:0.16634
---Datos Iniciales---
# name: Y
# type: matrix
# rows: 6
# columns: 6
 3.7970375585005089 3.5195424369885866 4.2452928915575239 5.5490110122948737 5.0283876945947155 7.7565261061528155
 3.5195424369885866 9.3867129331843486 4.4880421864159903 6.7390032959345785 9.2456404916013959 3.2733837742534146
 4.2452928915575239 4.4880421864159903 2.5024542591173891 4.6992719075043805 5.0437257129083228 5.2728062252433521
 5.5490110122948737 6.7390032959345785 4.6992719075043805 4.9862591829209721 6.4861163225390035 6.2089678648143742
 5.0283876945947155 9.2456404916013959 5.0437257129083228 6.4861163225390035 6.0144878869924998 1.3243630112941989
 7.7565261061528155 3.2733837742534146 5.2728062252433521 6.2089678648143742 1.3243630112941989 5.4496360506152861


---Resultados---
-Norma resultado:1.1339e-10
# name: lambda_res
# type: diagonal matrix
# rows: 6
# columns: 6
-0.99999999998775602
-0.99999999995750632
-0.99999999994383415
-0.99999999994383371
1.5803912575997263
2.4196087424754666


# name: Y_res
# type: matrix
# rows: 6
# columns: 6
 0 0 0.9999999999438336 0.41960874249854357 0 0.99999999994383371
 0 2.4226173975814805e-10 0 0.90770507509833764 1.0000000001065603 0
 0.9999999999438336 0 0 0.41960874249854385 0 0.99999999994383382
 0.41960874249854357 0.90770507509833764 0.41960874249854385 0 0.90770507497456387 0.41960874249854363
 0 1.0000000001065603 0 0.90770507497456387 0 0
 0.99999999994383371 0 0.99999999994383382 0.41960874249854363 0 0


#------------------------------------------#
-Simulacion N.13
Total de iteraciones:316
Tiempo de ejecucion:0.18206
---Datos Iniciales---
# name: Y
# type: matrix
# rows: 6
# columns: 6
 1.4440843130225367 2.481889353897714 8.2419083698363043 0.58945897792434587 3.2628969911923296 5.1661792773580686
 2.481889353897714 6.5838808442151571 5.7531377787308742 8.9119337363630393 7.0655192087821543 7.9221286867362011
 8.2419083698363043 5.7531377787308742 0.87576347867207471 6.0357416509025539 8.5041154106671826 9.8705088029531396
 0.58945897792434587 8.9119337363630393 6.0357416509025539 9.944232494892308 6.1637294463247096 6.5804787095821329
 3.2628969911923296 7.0655192087821543 8.5041154106671826 6.1637294463247096 2.2089176961655976 7.8616779343902534
 5.1661792773580686 7.9221286867362011 9.8705088029531396 6.5804787095821329 7.8616779343902534 4.9821063577437439


---Resultados---
-Norma resultado:1.1125e-10
# name: lambda_res
# type: diagonal matrix
# rows: 6
# columns: 6
-0.99999999998798716
-0.9999999999583099
-0.99999999994489619
-0.99999999994489563
1.5803912575993886
2.4196087424743764


# name: Y_res
# type: matrix
# rows: 6
# columns: 6
 0 0 0.99999999994489641 0 0.41960874249701896 0.99999999994489619
 0 0 0 1.0000000001045424 0.90770507497614483 0
 0.99999999994489641 0 0 0 0.41960874249701907 0.99999999994489619
 0 1.0000000001045424 0 2.3767669683936592e-10 0.90770507509757703 0
 0.41960874249701896 0.90770507497614483 0.41960874249701907 0.90770507509757703 0 0.41960874249701935
 0.99999999994489619 0 0.99999999994489619 0 0.41960874249701935 0


#------------------------------------------#
-Simulacion N.14
Total de iteraciones:582
Tiempo de ejecucion:0.3405
---Datos Iniciales---
# name: Y
# type: matrix
# rows: 6
# columns: 6
 4.2815317430426747 1.6188222786770874 5.7434488193678375 3.1429471132993276 3.9928556202788874 3.7945529118349817
 1.6188222786770874 1.2063737698081922 2.4212919535006243 6.1336273983799643 5.121788178349945 7.9501384499511278
 5.7434488193678375 2.4212919535006243 7.7389462479579993 0.82961012971401848 2.2630218158013 4.1946241187822189
 3.1429471132993276 6.1336273983799643 0.82961012971401848 2.4424513149123905 4.9695958336280155 5.3498758851757273
 3.9928556202788874 5.121788178349945 2.2630218158013 4.9695958336280155 0.90378281485010703 5.6361279928963768
 3.7945529118349817 7.9501384499511278 4.1946241187822189 5.3498758851757273 5.6361279928963768 8.4170182992565525


---Resultados---
-Norma resultado:1.0845e-10
# name: lambda_res
# type: diagonal matrix
# rows: 6
# columns: 6
-0.99999999998829014
-0.99999999995936251
-0.99999999994628508
-0.99999999994628463
1.5803912575989536
2.419608742472958


# name: Y_res
# type: matrix
# rows: 6
# columns: 6
 0 0 1.0000000001019105 0 0 0.90770507497821296
 0 0 0 0.99999999994628408 0.99999999994628408 0.41960874249502889
 1.0000000001019105 0 2.3169123144176113e-10 0 0 0.9077050750965866
 0 0.99999999994628408 0 0 0.99999999994628419 0.41960874249502877
 0 0.99999999994628408 0 0.99999999994628419 0 0.41960874249502877
 0.90770507497821296 0.41960874249502889 0.9077050750965866 0.41960874249502877 0.41960874249502877 0


#------------------------------------------#
-Simulacion N.15
Total de iteraciones:299
Tiempo de ejecucion:0.17115
---Datos Iniciales---
# name: Y
# type: matrix
# rows: 6
# columns: 6
 1.981192516747603 2.5729342489411353 4.2823439980195674 9.3035574093687945 3.4615539360668581 3.2603305824374496
 2.5729342489411353 4.9511100133420927 3.9755201835717671 7.6745252568958264 7.7851263345723272 0.98546618751842063
 4.2823439980195674 3.9755201835717671 6.4235238589148125 5.1123490821479844 3.9819680797091066 3.3797746252752727
 9.3035574093687945 7.6745252568958264 5.1123490821479844 8.7342853532506926 6.6697460292343127 5.4895972087724916
 3.4615539360668581 7.7851263345723272 3.9819680797091066 6.6697460292343127 5.835126048026992 5.3778361279600624
 3.2603305824374496 0.98546618751842063 3.3797746252752727 5.4895972087724916 5.3778361279600624 3.9991588051474181


---Resultados---
-Norma resultado:1.1001e-10
# name: lambda_res
# type: diagonal matrix
# rows: 6
# columns: 6
-0.99999999998812295
-0.99999999995877542
-0.99999999994551103
-0.99999999994550959
1.5803912575991996
2.4196087424737565


# name: Y_res
# type: matrix
# rows: 6
# columns: 6
 0 0 0.99999999994550959 0.41960874249614244 0 0.99999999994551048
 0 2.3503754362422418e-10 0 0.90770507509714071 1.0000000001033829 0
 0.99999999994550959 0 0 0.41960874249614255 0 0.99999999994551048
 0.41960874249614244 0.90770507509714071 0.41960874249614255 0 0.90770507497705732 0.41960874249614255
 0 1.0000000001033829 0 0.90770507497705732 0 0
 0.99999999994551048 0 0.99999999994551048 0.41960874249614255 0 0


#------------------------------------------#
-Simulacion N.16
Total de iteraciones:277
Tiempo de ejecucion:0.15739
---Datos Iniciales---
# name: Y
# type: matrix
# rows: 6
# columns: 6
 0.1917841839296508 3.2070667626574707 3.5632440944255919 6.5390015262649239 2.8214713075296127 4.4728201250675523
 3.2070667626574707 4.5534943440118187 6.6619115134299633 8.2336732720745971 4.7749774808891594 1.5348487087517826
 3.5632440944255919 6.6619115134299633 8.934770088889108 6.9430578850128217 2.2745806520036043 7.4592853638174681
 6.5390015262649239 8.2336732720745971 6.9430578850128217 9.4752753715023363 2.0561947958488371 4.6285710805799853
 2.8214713075296127 4.7749774808891594 2.2745806520036043 2.0561947958488371 1.4036541217388754 4.60386995036892
 4.4728201250675523 1.5348487087517826 7.4592853638174681 4.6285710805799853 4.60386995036892 9.9539409422461453


---Resultados---
-Norma resultado:1.1336e-10
# name: lambda_res
# type: diagonal matrix
# rows: 6
# columns: 6
-0.99999999998776079
-0.99999999995752364
-0.9999999999438538
-0.99999999994385291
1.5803912575997232
2.4196087424754502


# name: Y_res
# type: matrix
# rows: 6
# columns: 6
 0 0.99999999994385291 0.41960874249851732 0.99999999994385202 0 0
 0.99999999994385291 0 0.41960874249851732 0.99999999994385269 0 0
 0.41960874249851732 0.41960874249851732 0 0.41960874249851698 0.90770507497459307 0.90770507509832599
 0.99999999994385202 0.99999999994385269 0.41960874249851698 0 0 0
 0 0 0.90770507497459307 0 0 1.0000000001065255
 0 0 0.90770507509832599 0 1.0000000001065255 2.4218196004010123e-10


#------------------------------------------#
-Simulacion N.17
Total de iteraciones:238
Tiempo de ejecucion:0.13926
---Datos Iniciales---
# name: Y
# type: matrix
# rows: 6
# columns: 6
 5.3077113702725089 5.1438149533304331 5.5854047193459166 7.2947174004000033 5.2338594962837224 3.2459897869132543
 5.1438149533304331 6.2570593399307741 6.2938243212109253 3.3944438151510137 8.0363941181426561 6.7678770485511954
 5.5854047193459166 6.2938243212109253 2.1194923557480205 1.099769079972666 5.6757510177991257 9.1376545318406279
 7.2947174004000033 3.3944438151510137 1.099769079972666 1.9021411426662926 7.3403013474132486 6.8718385633924175
 5.2338594962837224 8.0363941181426561 5.6757510177991257 7.3403013474132486 6.5491009696292242 4.5472717653132069
 3.2459897869132543 6.7678770485511954 9.1376545318406279 6.8718385633924175 4.5472717653132069 7.355552147735728


---Resultados---
-Norma resultado:1.1385e-10
# name: lambda_res
# type: diagonal matrix
# rows: 6
# columns: 6
-0.99999999998666422
-0.99999999995937106
-0.99999999994283173
-0.9999999999422795
1.5803912576103838
2.4196087424692432


# name: Y_res
# type: matrix
# rows: 6
# columns: 6
 0 0.3787563912098304 0 0.99999999994283195 0.99900727692530245 0
 0.3787563912098304 0 0.9254964051973007 0.37875639120983018 0.41960874248166413 0.92549640532927979
 0 0.9254964051973007 0 0 0.044547284269336726 1.0000000001070002
 0.99999999994283195 0.37875639120983018 0 0 0.99900727692530211 0
 0.99900727692530245 0.41960874248166413 0.044547284269336726 0.99900727692530211 0 0.044547284278378674
 0 0.92549640532927979 1.0000000001070002 0 0.044547284278378674 2.4848122308671887e-10


#------------------------------------------#
-Simulacion N.18
Total de iteraciones:211
Tiempo de ejecucion:0.12077
---Datos Iniciales---
# name: Y
# type: matrix
# rows: 6
# columns: 6
 0.8168012368984201 5.6822537023763813 8.5534033157397324 1.1259766326081155 7.6593119945685615 6.619602231629143
 5.6822537023763813 8.4377352101273928 1.5083621177330579 1.4108374158539405 3.3490525888273908 2.0632047701814793
 8.5534033157397324 1.5083621177330579 5.9420416188698342 2.4215156644371656 3.3347862129222268 9.7161902932475925
 1.1259766326081155 1.4108374158539405 2.4215156644371656 8.3915868359290613 3.0101617198732447 8.3998169416820971
 7.6593119945685615 3.3490525888273908 3.3347862129222268 3.0101617198732447 9.5305004374136502 2.3604710297562534
 6.619602231629143 2.0632047701814793 9.7161902932475925 8.3998169416820971 2.3604710297562534 5.1795666659435549


---Resultados---
-Norma resultado:1.1376e-10
# name: lambda_res
# type: diagonal matrix
# rows: 6
# columns: 6
-0.99999999998642264
-0.99999999995904021
-0.99999999994379674
-0.99999999994248889
1.5803912576194732
2.4196087424630544


# name: Y_res
# type: matrix
# rows: 6
# columns: 6
 0 0.9808604242632597 0.41955734703920944 0.1947121670561725 0.98086042426325948 0.1947626208831558
 0.9808604242632597 0 0.23478134945339563 0 0.99999999994379718 5.1438565453421226e-05
 0.41955734703920944 0.23478134945339563 0 0.97204820758316679 0.23478134945339602 0.97206028325485461
 0.1947121670561725 0 0.97204820758316679 0 0 0.99999999878265822
 0.98086042426325948 0.99999999994379718 0.23478134945339602 0 0 5.1438565453827985e-05
 0.1947626208831558 5.1438565453421226e-05 0.97206028325485461 0.99999999878265822 5.1438565453827985e-05 2.5077813539291674e-10


#------------------------------------------#
-Simulacion N.19
Total de iteraciones:303
Tiempo de ejecucion:0.21144
---Datos Iniciales---
# name: Y
# type: matrix
# rows: 6
# columns: 6
 8.0379294468225826 4.9178831741936913 3.6567560919156419 2.7902286780858239 0.48128789212381229 1.6298500035336332
 4.9178831741936913 3.4306975777657933 7.9646774960631195 2.556274680530696 5.177055728347594 4.5943299685838941
 3.6567560919156419 7.9646774960631195 8.190914687786444 4.8107836230616048 5.4412330565515639 6.0768812470444296
 2.7902286780858239 2.556274680530696 4.8107836230616048 1.058353337236162 8.931156439385866 6.0476294973366045
 0.48128789212381229 5.177055728347594 5.4412330565515639 8.931156439385866 0.27106768569457818 5.0315726705088046
 1.6298500035336332 4.5943299685838941 6.0768812470444296 6.0476294973366045 5.0315726705088046 7.8035973081870145


---Resultados---
-Norma resultado:1.0884e-10
# name: lambda_res
# type: diagonal matrix
# rows: 6
# columns: 6
-0.99999999998824618
-0.99999999995921451
-0.99999999994608824
-0.99999999994608701
1.5803912575990138
2.4196087424731587


# name: Y_res
# type: matrix
# rows: 6
# columns: 6
 2.3253585303748957e-10 1.0000000001022822 0.90770507509672615 0 0 0
 1.0000000001022822 0 0.90770507497792119 0 0 0
 0.90770507509672615 0.90770507497792119 0 0.41960874249531022 0.41960874249531022 0.41960874249531022
 0 0 0.41960874249531022 0 0.99999999994608824 0.99999999994608835
 0 0 0.41960874249531022 0.99999999994608824 0 0.99999999994608835
 0 0 0.41960874249531022 0.99999999994608835 0.99999999994608835 0


#------------------------------------------#
-Simulacion N.20
Total de iteraciones:213
Tiempo de ejecucion:0.12261
---Datos Iniciales---
# name: Y
# type: matrix
# rows: 6
# columns: 6
 4.5137833807288317 7.680836058280617 4.0789565749060097 4.3387592647967077 3.8590682368266966 5.332713874685302
 7.680836058280617 7.962681392484142 5.6196869932153346 4.6649814888308452 8.8438635277403534 3.7649960496438668
 4.0789565749060097 5.6196869932153346 4.1650835500341135 1.0369087048156422 4.3779177008547387 2.0362528393045496
 4.3387592647967077 4.6649814888308452 1.0369087048156422 1.3081472966080543 0.18469101265713439 5.5517319635674518
 3.8590682368266966 8.8438635277403534 4.3779177008547387 0.18469101265713439 4.6414212841631883 3.2667660076323117
 5.332713874685302 3.7649960496438668 2.0362528393045496 5.5517319635674518 3.2667660076323117 0.0020236404194895474


---Resultados---
-Norma resultado:1.0934e-10
# name: lambda_res
# type: diagonal matrix
# rows: 6
# columns: 6
-0.99999999998689337
-0.99999999996064615
-0.99999999994596778
-0.9999999999445327
1.5803912576160859
2.4196087424626689


# name: Y_res
# type: matrix
# rows: 6
# columns: 6
 0 0.41960874243802332 0.16558305314325295 0.98619584890707057 0.16558305316926716 0.98619584890707013
 0.41960874243802332 0 0.96465507375333992 0.26351582229847625 0.9646550738882248 0.26351582229847648
 0.16558305314325295 0.96465507375333992 0 0 1.0000000001017186 0
 0.98619584890707057 0.26351582229847625 0 0 0 0.99999999994596811
 0.16558305316926716 0.9646550738882248 1.0000000001017186 0 2.4071516173613684e-10 0
 0.98619584890707013 0.26351582229847648 0 0.99999999994596811 0 0


#------------------------------------------#
-Simulacion N.21
Total de iteraciones:298
Tiempo de ejecucion:0.17135
---Datos Iniciales---
# name: Y
# type: matrix
# rows: 6
# columns: 6
 6.9666830307560366 3.3590131348742664 5.047780851144009 6.4011073840145718 4.197598496212362 2.7730475558896925
 3.3590131348742664 0.43793592803061165 4.16424753389005 3.4914592771832713 5.0344017537426549 3.3813665004421605
 5.047780851144009 4.16424753389005 6.4049069967839687 7.987948028799785 3.3259605674905561 6.3026334332578449
 6.4011073840145718 3.4914592771832713 7.987948028799785 6.889360063366393 0.8259208395163764 5.4863601176408876
 4.197598496212362 5.0344017537426549 3.3259605674905561 0.8259208395163764 8.5438397662165517 4.4286245779620188
 2.7730475558896925 3.3813665004421605 6.3026334332578449 5.4863601176408876 4.4286245779620188 9.5785604526036501


---Resultados---
-Norma resultado:1.1198e-10
# name: lambda_res
# type: diagonal matrix
# rows: 6
# columns: 6
-0.99999999998790767
-0.99999999995803734
-0.99999999994453304
-0.99999999994453193
1.5803912575995045
2.4196087424747494


# name: Y_res
# type: matrix
# rows: 6
# columns: 6
 0 0 0.99999999994453326 0.9999999999445327 0 0.41960874249754043
 0 0 0 0 1.0000000001052323 0.90770507497560571
 0.99999999994453326 0 0 0.99999999994453326 0 0.41960874249754049
 0.9999999999445327 0 0.99999999994453326 0 0 0.41960874249754038
 0 1.0000000001052323 0 0 2.3924434657127529e-10 0.90770507509783749
 0.41960874249754043 0.90770507497560571 0.41960874249754049 0.41960874249754038 0.90770507509783749 0


#------------------------------------------#
-Simulacion N.22
Total de iteraciones:295
Tiempo de ejecucion:0.17184
---Datos Iniciales---
# name: Y
# type: matrix
# rows: 6
# columns: 6
 5.7984635020297093 4.4540585382984084 6.387806989741712 8.2290746728805004 5.8443577682655103 3.9600125175891971
 4.4540585382984084 4.7855800366111438 4.7373551095755104 7.3205503722452834 9.2208091728992319 5.6907793776292408
 6.387806989741712 4.7373551095755104 0.83830554454240702 3.7115273685384977 3.8401653644656681 5.3786702590134805
 8.2290746728805004 7.3205503722452834 3.7115273685384977 3.1766463862626981 5.0715113040921134 6.7103404489126195
 5.8443577682655103 9.2208091728992319 3.8401653644656681 5.0715113040921134 4.5368668511829906 3.0633075900639324
 3.9600125175891971 5.6907793776292408 5.3786702590134805 6.7103404489126195 3.0633075900639324 8.9148237625040565


---Resultados---
-Norma resultado:1.1318e-10
# name: lambda_res
# type: diagonal matrix
# rows: 6
# columns: 6
-0.99999999998777933
-0.99999999995758915
-0.99999999994394329
-0.9999999999439414
1.5803912575996928
2.4196087424753592


# name: Y_res
# type: matrix
# rows: 6
# columns: 6
 0 0.9999999999439414 0 0.41960874249839064 0.99999999994394195 0
 0.9999999999439414 0 0 0.41960874249839031 0.99999999994394151 0
 0 0 0 0.90770507497472352 0 1.0000000001063569
 0.41960874249839064 0.41960874249839031 0.90770507497472352 0 0.41960874249839009 0.90770507509826137
 0.99999999994394195 0.99999999994394151 0 0.41960874249839009 0 0
 0 0 1.0000000001063569 0.90770507509826137 0 2.4179952854239408e-10


#------------------------------------------#
-Simulacion N.23
Total de iteraciones:298
Tiempo de ejecucion:0.17131
---Datos Iniciales---
# name: Y
# type: matrix
# rows: 6
# columns: 6
 4.5206885714325731 7.454529139598451 4.7495787136430625 7.7111330446869673 4.5611902182032846 2.4388232174055635
 7.454529139598451 0.20003563689154458 8.2369210136645865 2.4401466911689629 4.7132588269938012 6.9104673328425612
 4.7495787136430625 8.2369210136645865 7.2313384048193461 3.4938028062910775 7.6395324716492343 8.8869942242137689
 7.7111330446869673 2.4401466911689629 3.4938028062910775 6.9271805947154022 6.8965667903356618 9.0607387669547315
 4.5611902182032846 4.7132588269938012 7.6395324716492343 6.8965667903356618 1.9308768442476909 7.1824016945936711
 2.4388232174055635 6.9104673328425612 8.8869942242137689 9.0607387669547315 7.1824016945936711 6.9419622460652874


---Resultados---
-Norma resultado:1.11e-10
# name: lambda_res
# type: diagonal matrix
# rows: 6
# columns: 6
-0.99999999998801536
-0.99999999995840616
-0.99999999994502398
-0.99999999994502276
1.5803912575993513
2.4196087424742521


# name: Y_res
# type: matrix
# rows: 6
# columns: 6
 0 0 0 1.000000000104305 0.90770507497633268 0
 0 0 0.99999999994502309 0 0.41960874249683944 0.99999999994502309
 0 0.99999999994502309 0 0 0.41960874249683916 0.99999999994502298
 1.000000000104305 0 0 2.3713569872113456e-10 0.90770507509748755 0
 0.90770507497633268 0.41960874249683944 0.41960874249683916 0.90770507509748755 0 0.41960874249683955
 0 0.99999999994502309 0.99999999994502298 0 0.41960874249683955 0


#------------------------------------------#
-Simulacion N.24
Total de iteraciones:279
Tiempo de ejecucion:0.16141
---Datos Iniciales---
# name: Y
# type: matrix
# rows: 6
# columns: 6
 6.5254890819665494 5.7881468875568132 8.2731549318834183 2.1774106663874448 7.0263802550160239 0.73843176254507148
 5.7881468875568132 4.2605622831263092 3.2133708575190201 8.3739842220762419 6.2469053947460296 4.8289027398306033
 8.2731549318834183 3.2133708575190201 0.57312441508393541 6.0319242377273472 3.2251605555173781 6.7583453351324438
 2.1774106663874448 8.3739842220762419 6.0319242377273472 9.7540521117997834 1.2258643491083594 2.8895307346451902
 7.0263802550160239 6.2469053947460296 3.2251605555173781 1.2258643491083594 6.500423380000397 4.5548574367134451
 0.73843176254507148 4.8289027398306033 6.7583453351324438 2.8895307346451902 4.5548574367134451 5.9333493606213752


---Resultados---
-Norma resultado:1.1615e-10
# name: lambda_res
# type: diagonal matrix
# rows: 6
# columns: 6
-0.99999999998745759
-0.99999999995647493
-0.99999999994246791
-0.99999999994246691
1.5803912576001573
2.4196087424768651


# name: Y_res
# type: matrix
# rows: 6
# columns: 6
 0 0 0.99999999994246846 0 0.99999999994246846 0.41960874250050317
 0 0 0 1.0000000001091511 0 0.90770507497252995
 0.99999999994246846 0 0 0 0.99999999994246769 0.41960874250050301
 0 1.0000000001091511 0 2.481542438682229e-10 0 0.90770507509931497
 0.99999999994246846 0 0.99999999994246769 0 0 0.41960874250050301
 0.41960874250050317 0.90770507497252995 0.41960874250050301 0.90770507509931497 0.41960874250050301 0


#------------------------------------------#
-Simulacion N.25
Total de iteraciones:246
Tiempo de ejecucion:0.14144
---Datos Iniciales---
# name: Y
# type: matrix
