#Resultados de la simulacion de P2.
#------------------------------------------#
-Precision:eps(10^-10)
-Dimension:10
-Maximo de Iteraciones:1000
-Maximo de Simulaciones:100
-Valor de k:0.14087
# name: lambda
# type: diagonal matrix
# rows: 6
# columns: 6
-1
-1
-1
-1
1.1408719250080865
2.8591280749919132


#------------------------------------------#
-Simulacion N.1
Total de iteraciones:215
Tiempo de ejecucion:0.12996
---Datos Iniciales---
# name: Y
# type: matrix
# rows: 6
# columns: 6
 1.7981019076165627 1.449649999076053 2.1559399440108256 1.1763447384061161 1.2751737520399438 3.1552117375139543
 1.449649999076053 8.7312782115694869 3.2508294616822058 4.0960756593054333 7.8121614147628531 3.6771952347848531
 2.1559399440108256 3.2508294616822058 4.5858123284782266 7.1738153356280998 2.4049792219105504 7.0024177931053053
 1.1763447384061161 4.0960756593054333 7.1738153356280998 2.6324825740551283 9.2740082547109353 4.4736411079823295
 1.2751737520399438 7.8121614147628531 2.4049792219105504 9.2740082547109353 1.9592995951994485 4.5622448928708828
 3.1552117375139543 3.6771952347848531 7.0024177931053053 4.4736411079823295 4.5622448928708828 7.9671481016922172


---Resultados---
-Norma resultado:1.0906e-10
# name: lambda_res
# type: diagonal matrix
# rows: 6
# columns: 6
-0.99999999998546718
-0.99999999995985323
-0.99999999994640765
-0.99999999994464894
1.1408719250402208
2.8591280750363186


# name: Y_res
# type: matrix
# rows: 6
# columns: 6
 0 0 0.98611605885869746 0.49978575226296229 0.081806334149581994 0.98736971298869114
 0 2.4016206924711881e-10 0.16605757543854932 0.86614906451374818 0.99664824481716519 0.15843310819265438
 0.98611605885869746 0.16605757543854932 0 0.63667736990938117 0.24617153088639998 0.999970147869926
 0.49978575226296229 0.86614906451374818 0.63667736990938117 0 0.90413158494600676 0.63070000321098596
 0.081806334149581994 0.99664824481716519 0.24617153088639998 0.90413158494600676 0 0.23867517583861053
 0.98736971298869114 0.15843310819265438 0.999970147869926 0.63070000321098596 0.23867517583861053 0


#------------------------------------------#
-Simulacion N.2
Total de iteraciones:210
Tiempo de ejecucion:0.12008
---Datos Iniciales---
# name: Y
# type: matrix
# rows: 6
# columns: 6
 6.3208580065594262 9.3692852665970943 3.4872154896291927 3.8216090151494395 2.590194294568497 7.1412760542760614
 9.3692852665970943 7.5731250515859161 2.3613848188912145 1.8553890672041347 5.0888102597084748 5.6554434908074036
 3.4872154896291927 2.3613848188912145 6.5915682519203695 6.0271947316265582 5.0600549781507986 4.6093412054332914
 3.8216090151494395 1.8553890672041347 6.0271947316265582 7.1102769953115423 5.6169345058355873 5.2561568261655918
 2.590194294568497 5.0888102597084748 5.0600549781507986 5.6169345058355873 0.1780914069668238 4.6104949453378552
 7.1412760542760614 5.6554434908074036 4.6093412054332914 5.2561568261655918 4.6104949453378552 8.7650632043527654


---Resultados---
-Norma resultado:1.0902e-10
# name: lambda_res
# type: diagonal matrix
# rows: 6
# columns: 6
-0.99999999998497324
-0.99999999995818334
-0.99999999994796651
-0.9999999999446717
1.1408719250393822
2.8591280750368555


# name: Y_res
# type: matrix
# rows: 6
# columns: 6
 0 0.99595440104001165 0.089860064838273218 0.089860064838272857 0.3909593636343085 0.88802861835759361
 0.99595440104001165 2.4044330958416841e-10 0 0 0.30666978167631176 0.84311941482063268
 0.089860064838273218 0 0 0.9999999999479664 0.95181597219431802 0.53772637322527195
 0.089860064838272857 0 0.9999999999479664 0 0.95181597219431779 0.53772637322527184
 0.3909593636343085 0.30666978167631176 0.95181597219431802 0.95181597219431779 0 0.7703757975418013
 0.88802861835759361 0.84311941482063268 0.53772637322527195 0.53772637322527184 0.7703757975418013 0


#------------------------------------------#
-Simulacion N.3
Total de iteraciones:485
Tiempo de ejecucion:0.27711
---Datos Iniciales---
# name: Y
# type: matrix
# rows: 6
# columns: 6
 8.9015867955294379 1.3501864744270513 4.8598770538678213 7.1855983476411893 5.7908838800021041 5.4666825809329032
 1.3501864744270513 4.5623516157867012 4.7220202222141072 4.8861126292984567 4.1378247196750211 6.0268825477315566
 4.8598770538678213 4.7220202222141072 4.8670778320724537 4.5029786996235988 2.5220428574749487 5.6093281868598082
 7.1855983476411893 4.8861126292984567 4.5029786996235988 8.0001286640021885 3.6635220380050471 7.3684577429654752
 5.7908838800021041 4.1378247196750211 2.5220428574749487 3.6635220380050471 8.1826840278572419 3.8838711778733055
 5.4666825809329032 6.0268825477315566 5.6093281868598082 7.3684577429654752 3.8838711778733055 3.1122774624828597


---Resultados---
-Norma resultado:1.1361e-10
# name: lambda_res
# type: diagonal matrix
# rows: 6
# columns: 6
-0.99999999999365141
-0.99999999994818023
-0.99999999994816502
-0.99999999994083877
1.1408719250095092
2.8591280750505077


# name: Y_res
# type: matrix
# rows: 6
# columns: 6
 2.2918208351918919e-10 0 0 0.68076317257229535 1.000000000107985 0.20999625182115544
 0 0 0.99999999994818045 0.73250358557661543 0 0.97770219091488686
 0 0.99999999994818045 0 0.73250358557661566 0 0.97770219091488708
 0.68076317257229535 0.73250358557661543 0.73250358557661566 0 0.68076317248832474 0.85912807510220068
 1.000000000107985 0 0 0.68076317248832474 0 0.20999625179375139
 0.20999625182115544 0.97770219091488686 0.97770219091488708 0.85912807510220068 0.20999625179375139 0


#------------------------------------------#
-Simulacion N.4
Total de iteraciones:592
Tiempo de ejecucion:0.33918
---Datos Iniciales---
# name: Y
# type: matrix
# rows: 6
# columns: 6
 5.7216961755592131 8.4385480644287494 5.1904061075681218 6.4795768866629011 2.2566474279811795 4.937512301755878
 8.4385480644287494 6.3110134005787426 4.2287405799034588 5.3559051116072025 3.7162102062251829 8.4017031701456322
 5.1904061075681218 4.2287405799034588 9.4739660632494918 1.4718203748482641 1.2430932810721869 7.8055777229011678
 6.4795768866629011 5.3559051116072025 1.4718203748482641 0.099397826212934692 5.9107749223169606 4.4119496855627531
 2.2566474279811795 3.7162102062251829 1.2430932810721869 5.9107749223169606 3.6131973571900886 5.1571435107467174
 4.937512301755878 8.4017031701456322 7.8055777229011678 4.4119496855627531 5.1571435107467174 3.303700264825411


---Resultados---
-Norma resultado:1.1271e-10
# name: lambda_res
# type: diagonal matrix
# rows: 6
# columns: 6
-0.99999999999503841
-0.99999999994926958
-0.99999999994510425
-0.99999999994237665
1.1408719250114396
2.8591280750494095


# name: Y_res
# type: matrix
# rows: 6
# columns: 6
 0 0.85912807512548062 0.59456483941361093 0.80404766756530088 0.80404766756530077 0.594564839341434
 0.85912807512548062 0 0.099327398776130088 0.9950548064017134 0.99505480640171373 0.099327398762934282
 0.59456483941361093 0.099327398776130088 2.2905962597429861e-10 0 0 1.0000000001094533
 0.80404766756530088 0.9950548064017134 0 0 0.99999999994510469 0
 0.80404766756530077 0.99505480640171373 0 0.99999999994510469 0 0
 0.594564839341434 0.099327398762934282 1.0000000001094533 0 0 0


#------------------------------------------#
-Simulacion N.5
Total de iteraciones:212
Tiempo de ejecucion:0.12261
---Datos Iniciales---
# name: Y
# type: matrix
# rows: 6
# columns: 6
 2.9798949249691074 4.9514797278216252 4.3658390691356352 2.2360797544588276 8.2796746329177253 5.6638617466240317
 4.9514797278216252 9.8364011097971389 3.0253785840678011 3.1772896162146331 5.2502287338891485 0.83613265464433539
 4.3658390691356352 3.0253785840678011 8.2707991231119014 5.9231059918940581 4.4893277438278574 6.2111759950821002
 2.2360797544588276 3.1772896162146331 5.9231059918940581 2.8187899350284198 1.7538923905094488 5.2669144070958236
 8.2796746329177253 5.2502287338891485 4.4893277438278574 1.7538923905094488 4.2067401529539517 7.2732495465692892
 5.6638617466240317 0.83613265464433539 6.2111759950821002 5.2669144070958236 7.2732495465692892 2.4100059474455904


---Resultados---
-Norma resultado:1.0727e-10
# name: lambda_res
# type: diagonal matrix
# rows: 6
# columns: 6
-0.99999999998378009
-0.99999999996190136
-0.99999999994642919
-0.99999999994642785
1.1408719250395261
2.859128075035843


# name: Y_res
# type: matrix
# rows: 6
# columns: 6
 0 0.91525809616960419 0.40286799022543412 0.40286799022543418 0.9982264535745542 0.40286799022543329
 0.91525809616960419 2.3683402500333735e-10 0 0 0.88965168428904073 0
 0.40286799022543412 0 0 0.99999999994642819 0.45663977135065648 0.99999999994642796
 0.40286799022543418 0 0.99999999994642819 0 0.45663977135065636 0.99999999994642774
 0.9982264535745542 0.88965168428904073 0.45663977135065648 0.45663977135065636 0 0.45663977135065592
 0.40286799022543329 0 0.99999999994642796 0.99999999994642774 0.45663977135065592 0


#------------------------------------------#
-Simulacion N.6
Total de iteraciones:309
Tiempo de ejecucion:0.17593
---Datos Iniciales---
# name: Y
# type: matrix
# rows: 6
# columns: 6
 1.8678215004012888 8.5594835125426236 4.5609286371167661 4.9961986122657178 6.5063964108727577 4.7237059578900542
 8.5594835125426236 7.3276940413105605 2.179855963969592 1.7653410699440535 2.9930375926834021 4.9829938352580561
 4.5609286371167661 2.179855963969592 1.0789042492202783 5.4588547101075076 1.1970656480797193 5.0846751618421226
 4.9961986122657178 1.7653410699440535 5.4588547101075076 1.92449954047623 5.9595303995341133 3.8949323297227831
 6.5063964108727577 2.9930375926834021 1.1970656480797193 5.9595303995341133 8.3358880166818956 5.2161443053262708
 4.7237059578900542 4.9829938352580561 5.0846751618421226 3.8949323297227831 5.2161443053262708 3.9111951125379605


---Resultados---
-Norma resultado:1.1617e-10
# name: lambda_res
# type: diagonal matrix
# rows: 6
# columns: 6
-0.99999999998927369
-0.99999999995550748
-0.99999999994558231
-0.99999999993719491
1.1408719250086057
2.8591280750520189


# name: Y_res
# type: matrix
# rows: 6
# columns: 6
 0 1.0000000001046048 0.39877400638007748 0 0 0.81190764391364478
 1.0000000001046048 2.3306468330390912e-10 0.39877400643490818 0 0 0.81190764402023685
 0.39877400638007748 0.39877400643490818 0 0.91704923080470213 0.91704923080470224 0.85912807505190392
 0 0 0.91704923080470213 0 0.99999999995550815 0.58378590052400126
 0 0 0.91704923080470224 0.99999999995550815 0 0.58378590052400137
 0.81190764391364478 0.81190764402023685 0.85912807505190392 0.58378590052400126 0.58378590052400137 0


#------------------------------------------#
-Simulacion N.7
Total de iteraciones:1001
Tiempo de ejecucion:0.57115
---Datos Iniciales---
# name: Y
# type: matrix
# rows: 6
# columns: 6
 7.9236571338279003 0.9778528034455819 8.1698098277050857 6.0147358240456352 7.5982488343523329 7.4321574620881083
 0.9778528034455819 6.5816946759512174 1.8872738467438617 3.2169559902814187 2.0335991220274843 8.6309897983392609
 8.1698098277050857 1.8872738467438617 4.3050781951789645 5.9478284626085731 3.6225947044074336 7.1184184347326172
 6.0147358240456352 3.2169559902814187 5.9478284626085731 5.5762215392781975 4.1014974461623952 4.5103843031134625
 7.5982488343523329 2.0335991220274843 3.6225947044074336 4.1014974461623952 5.4634810583557574 5.9335918456818355
 7.4321574620881083 8.6309897983392609 7.1184184347326172 4.5103843031134625 5.9335918456818355 8.7298145218418508


---Resultados---
-Norma resultado:6.6247e-09
# name: lambda_res
# type: diagonal matrix
# rows: 6
# columns: 6
-0.99999999985256638
-0.99999999682071905
-0.99999999675694928
-0.99999999675694862
1.1408719249750809
2.8591280784371866


# name: Y_res
# type: matrix
# rows: 6
# columns: 6
 0 0 0.99999999675694884 0.85912808375067318 0.99999999675694862 0
 0 1.3225083734221853e-08 0 0.51176062102358477 0 1.0000000064640737
 0.99999999675694884 0 0 0.8591280837506734 0.99999999675694862 0
 0.85912808375067318 0.51176062102358477 0.8591280837506734 0 0.85912808375067318 0.51176061754663682
 0.99999999675694862 0 0.99999999675694862 0.85912808375067318 0 0
 0 1.0000000064640737 0 0.51176061754663682 0 0


#------------------------------------------#
-Simulacion N.8
Total de iteraciones:208
Tiempo de ejecucion:0.11974
---Datos Iniciales---
# name: Y
# type: matrix
# rows: 6
# columns: 6
 0.21369604544666521 2.4542541997664169 4.0760298380510784 5.8908068503519084 4.6223630075778983 5.3826859972234349
 2.4542541997664169 0.092137598768683437 4.1960779683028102 3.6175499181240331 4.0693533528256953 6.7590634468528368
 4.0760298380510784 4.1960779683028102 6.817277537053438 2.5688965301977227 3.7307362907299133 8.4219304375367692
 5.8908068503519084 3.6175499181240331 2.5688965301977227 3.9544658323490611 7.2621025188850883 8.2293885625733623
 4.6223630075778983 4.0693533528256953 3.7307362907299133 7.2621025188850883 3.3386697748510983 3.1152290190051755
 5.3826859972234349 6.7590634468528368 8.4219304375367692 8.2293885625733623 3.1152290190051755 3.7962601868190649


---Resultados---
-Norma resultado:1.1152e-10
# name: lambda_res
# type: diagonal matrix
# rows: 6
# columns: 6
-0.99999999998397437
-0.9999999999602549
-0.99999999994521616
-0.99999999994365729
1.1408719250430617
2.859128075036331


# name: Y_res
# type: matrix
# rows: 6
# columns: 6
 0 0.5047379062547539 0.16270022291838959 0.98706651617677599 0.987009660915387 0.50020805245710909
 0.5047379062547539 0 0.93389097243447849 0.35981758289371357 0.35948701919849158 0.99998627484377078
 0.16270022291838959 0.93389097243447849 2.4628970019197031e-10 0.0024207650959460832 0.0020664968679884859 0.93575150027378162
 0.98706651617677599 0.35981758289371357 0.0024207650959460832 0 0.99999993719191038 0.35492427824870043
 0.987009660915387 0.35948701919849158 0.0020664968679884859 0.99999993719191038 0 0.3545930515345474
 0.50020805245710909 0.99998627484377078 0.93575150027378162 0.35492427824870043 0.3545930515345474 0


#------------------------------------------#
-Simulacion N.9
Total de iteraciones:296
Tiempo de ejecucion:0.17117
---Datos Iniciales---
# name: Y
# type: matrix
# rows: 6
# columns: 6
 1.2154252039344882 3.9717189063890319 9.1027497319093449 8.2072161448259351 5.1037640729188496 2.5186873988734453
 3.9717189063890319 7.042677102124733 4.4677947175152868 3.9408535073000293 6.3607253124474958 5.6082269381054131
 9.1027497319093449 4.4677947175152868 4.0040091358885652 4.6663236712007743 6.5281034793096389 8.8500496082783933
 8.2072161448259351 3.9408535073000293 4.6663236712007743 9.2772487979150178 3.6439346419018017 5.5196504461564837
 5.1037640729188496 6.3607253124474958 6.5281034793096389 3.6439346419018017 3.4946187935052397 5.9187304907580565
 2.5186873988734453 5.6082269381054131 8.8500496082783933 5.5196504461564837 5.9187304907580565 5.3598462953865038


---Resultados---
-Norma resultado:1.1616e-10
# name: lambda_res
# type: diagonal matrix
# rows: 6
# columns: 6
-0.99999999998998979
-0.99999999995138678
-0.99999999994284228
-0.99999999994050826
1.1408719250245241
2.859128075046657


# name: Y_res
# type: matrix
# rows: 6
# columns: 6
 0 0.055619151125102857 0.7144689749816957 0.99845205706273066 0.055619151125102968 0.17570424537278445
 0.055619151125102857 0 0.73832223652710105 0 0.99999999994284183 0.99269165815800309
 0.7144689749816957 0.73832223652710105 0 0.67444812630048145 0.73832223652710061 0.81431763340260788
 0.99845205706273066 0 0.67444812630048145 2.4645365021342468e-10 0 0.12067838128378139
 0.055619151125102968 0.99999999994284183 0.73832223652710061 0 0 0.99269165815800309
 0.17570424537278445 0.99269165815800309 0.81431763340260788 0.12067838128378139 0.99269165815800309 0


#------------------------------------------#
-Simulacion N.10
Total de iteraciones:308
Tiempo de ejecucion:0.1757
---Datos Iniciales---
# name: Y
# type: matrix
# rows: 6
# columns: 6
 3.5881032380805533 6.6168186169665502 6.4195512824923746 4.5815386908079221 6.306738902450947 8.3874254724968722
 6.6168186169665502 1.3990643969258287 9.1726405209336122 7.2566884063406292 7.615343243525758 1.3011081698970401
 6.4195512824923746 9.1726405209336122 9.4907093988515516 3.5896730867915174 3.3565418860985039 1.9507124923310952
 4.5815386908079221 7.2566884063406292 3.5896730867915174 5.0862054683792941 8.3889870155849984 6.9070346251337442
 6.306738902450947 7.615343243525758 3.3565418860985039 8.3889870155849984 9.7950754048847948 4.948459276270869
 8.3874254724968722 1.3011081698970401 1.9507124923310952 6.9070346251337442 4.948459276270869 7.7224217890802294


---Resultados---
-Norma resultado:1.1225e-10
# name: lambda_res
# type: diagonal matrix
# rows: 6
# columns: 6
-0.99999999999137612
-0.99999999995346689
-0.99999999994454158
-0.99999999994171618
1.1408719250245536
2.8591280750444175


# name: Y_res
# type: matrix
# rows: 6
# columns: 6
 0 0.66084604224816546 0.65260371965146791 0.76334075383834721 0.84418492878725793 0.7576994028672297
 0.66084604224816546 0 0.99994027095812443 0.019616799322310176 0.15555768141715232 0.010929534994139472
 0.65260371965146791 0.99994027095812443 2.378694087170076e-10 0.0086881957721620558 0.14475190240283206 0
 0.76334075383834721 0.019616799322310176 0.0086881957721620558 0 0.99068826890863793 0.99996225685971096
 0.84418492878725793 0.15555768141715232 0.14475190240283206 0.99068826890863793 0 0.9894679816139651
 0.7576994028672297 0.010929534994139472 0 0.99996225685971096 0.9894679816139651 0


#------------------------------------------#
-Simulacion N.11
Total de iteraciones:223
Tiempo de ejecucion:0.12688
---Datos Iniciales---
# name: Y
# type: matrix
# rows: 6
# columns: 6
 5.9483590763460388 8.6080926204950963 5.2621999006940552 4.6597859965103767 7.7265813922435367 7.1966643791909171
 8.6080926204950963 3.0640558696008768 6.5704686783991297 7.9785203590054063 3.2427964297784975 1.4855764017882338
 5.2621999006940552 6.5704686783991297 4.842244917488471 3.0048043638885984 4.8063195613229066 8.4317865944247856
 4.6597859965103767 7.9785203590054063 3.0048043638885984 6.5424151289776855 9.189209062481428 3.6684096143641653
 7.7265813922435367 3.2427964297784975 4.8063195613229066 9.189209062481428 1.0481791880563696 3.5889868242393108
 7.1966643791909171 1.4855764017882338 8.4317865944247856 3.6684096143641653 3.5889868242393108 6.1445447392777695


---Resultados---
-Norma resultado:1.0885e-10
# name: lambda_res
# type: diagonal matrix
# rows: 6
# columns: 6
-0.99999999998649236
-0.99999999995845734
-0.99999999994590638
-0.999999999944855
1.1408719250349535
2.859128075038655


# name: Y_res
# type: matrix
# rows: 6
# columns: 6
 0 0.68776558658624398 0.8318492157651326 0.59768909227531808 0.71075416093886612 0.80172797697183062
 0.68776558658624398 0 0.16922330304695332 0.99307066164844815 0.99948280961042202 0.11751876815246409
 0.8318492157651326 0.16922330304695332 0 0.052226816089697953 0.20082962680394417 0.99863524867114251
 0.59768909227531808 0.99307066164844815 0.052226816089697953 0 0.98877793000733527 0
 0.71075416093886612 0.99948280961042202 0.20082962680394417 0.98877793000733527 0 0.14939278773357331
 0.80172797697183062 0.11751876815246409 0.99863524867114251 0 0.14939278773357331 2.3789964833022749e-10


#------------------------------------------#
-Simulacion N.12
Total de iteraciones:205
Tiempo de ejecucion:0.11741
---Datos Iniciales---
# name: Y
# type: matrix
# rows: 6
# columns: 6
 6.1056911253558663 8.8410490556872894 7.6063585674891705 2.6229766578034779 5.7292644959843413 1.4639716826060019
 8.8410490556872894 0.5029754454377211 3.1399317934356117 7.0831336212264704 0.81196781218802749 4.4221181511030672
 7.6063585674891705 3.1399317934356117 8.2777160523678823 4.3612964412508806 5.3156262770188043 0.58856143161936214
 2.6229766578034779 7.0831336212264704 4.3612964412508806 4.7270559818653437 5.6497388525556289 6.8973742372816123
 5.7292644959843413 0.81196781218802749 5.3156262770188043 5.6497388525556289 4.9043735164649611 2.2325339134089979
 1.4639716826060019 4.4221181511030672 0.58856143161936214 6.8973742372816123 2.2325339134089979 4.5582008734760731


---Resultados---
-Norma resultado:1.0665e-10
# name: lambda_res
# type: diagonal matrix
# rows: 6
# columns: 6
-0.99999999998681766
-0.99999999996104383
-0.99999999994830679
-0.99999999994684274
1.1408719250482009
2.8591280750308159


# name: Y_res
# type: matrix
# rows: 6
# columns: 6
 0 0.49092903868695137 0.99980965332457394 0.23614464823037512 0.98776314019025824 0.023029513711666109
 0.49092903868695137 0 0.47383810412659988 0.96249048767637502 0.62079516973545767 0.88227436551377203
 0.99980965332457394 0.47383810412659988 2.3600758805429564e-10 0.21714105364026731 0.98453224578784448 0.0035198633517934353
 0.23614464823037512 0.96249048767637502 0.21714105364026731 0 0.38480552951876551 0.97689849713009225
 0.98776314019025824 0.62079516973545767 0.98453224578784448 0.38480552951876551 0 0.17866780731658674
 0.023029513711666109 0.88227436551377203 0.0035198633517934353 0.97689849713009225 0.17866780731658674 0


#------------------------------------------#
-Simulacion N.13
Total de iteraciones:225
Tiempo de ejecucion:0.12799
---Datos Iniciales---
# name: Y
# type: matrix
# rows: 6
# columns: 6
 2.4746242533901652 4.5813739327333725 6.1861457816964789 4.638878301231907 4.929975719944732 2.622044686704105
 4.5813739327333725 9.172565171738535 6.057582108464981 5.8697949967228755 5.0662535701988407 6.0423223623133691
 6.1861457816964789 6.057582108464981 0.67435732231946321 5.2309428665860906 7.3971184090763717 2.9402062393128783
 4.638878301231907 5.8697949967228755 5.2309428665860906 0.87919470459157045 4.2433188514390414 4.9086812350506461
 4.929975719944732 5.0662535701988407 7.3971184090763717 4.2433188514390414 3.6442598624901832 3.2393837307213174
 2.622044686704105 6.0423223623133691 2.9402062393128783 4.9086812350506461 3.2393837307213174 5.3461795788905331


---Resultados---
-Norma resultado:1.0856e-10
# name: lambda_res
# type: diagonal matrix
# rows: 6
# columns: 6
-0.99999999998696487
-0.99999999995869726
-0.9999999999455873
-0.99999999994558308
1.1408719250381247
2.8591280750369954


# name: Y_res
# type: matrix
# rows: 6
# columns: 6
 0 0.2436222725881742 0.99930925762355327 0.59722935511167985 0.99999999994558708 0
 0.2436222725881742 2.3828624601420572e-10 0.27949622068710955 0.92340264852405762 0.24362227258817376 0.96987019157257026
 0.99930925762355327 0.27949622068710955 0 0.62662329511576542 0.99930925762355349 0.037161909522855197
 0.59722935511167985 0.92340264852405762 0.62662329511576542 0 0.59722935511167963 0.80207050644305655
 0.99999999994558708 0.24362227258817376 0.99930925762355349 0.59722935511167963 0 0
 0 0.96987019157257026 0.037161909522855197 0.80207050644305655 0 0


#------------------------------------------#
-Simulacion N.14
Total de iteraciones:556
Tiempo de ejecucion:0.31974
---Datos Iniciales---
# name: Y
# type: matrix
# rows: 6
# columns: 6
 9.4658364830483279 5.9846265654336062 6.7708196970171635 7.4582375606850402 2.9814003162742209 4.3229315442109604
 5.9846265654336062 7.2155675053404122 5.6585334373339018 5.630515646119477 5.0463530654211235 6.6401536002062844
 6.7708196970171635 5.6585334373339018 0.080223584230850742 0.95427940015330004 5.2197042878891562 2.7808173824804427
 7.4582375606850402 5.630515646119477 0.95427940015330004 1.1627414188575713 4.797337516614423 6.3179829044026921
 2.9814003162742209 5.0463530654211235 5.2197042878891562 4.797337516614423 9.8033816606280446 2.8212536102980836
 4.3229315442109604 6.6401536002062844 2.7808173824804427 6.3179829044026921 2.8212536102980836 9.9486473910290627


---Resultados---
-Norma resultado:1.1583e-10
# name: lambda_res
# type: diagonal matrix
# rows: 6
# columns: 6
-0.99999999999473621
-0.99999999994777078
-0.99999999994403943
-0.99999999994063571
1.140871925011244
2.859128075051097


# name: Y_res
# type: matrix
# rows: 6
# columns: 6
 0 0.85912807512582545 0.11566314782471168 0.99328849591663082 0.11566314784037113 0.99328849591663126
 0.85912807512582545 0 0.60769541180641351 0.79417018728053312 0.60769541188229348 0.79417018728053335
 0.11566314782471168 0.60769541180641351 0 0 1.0000000001121836 0
 0.99328849591663082 0.79417018728053312 0 0 0 0.99999999994403976
 0.11566314784037113 0.60769541188229348 1.0000000001121836 0 2.3515905909619164e-10 0
 0.99328849591663126 0.79417018728053335 0 0.99999999994403976 0 0


#------------------------------------------#
-Simulacion N.15
Total de iteraciones:308
Tiempo de ejecucion:0.17588
---Datos Iniciales---
# name: Y
# type: matrix
# rows: 6
# columns: 6
 1.8369839085109696 5.1060737687528333 4.1632069070976883 2.5030950702219501 8.9291383755472964 4.3503841947532402
 5.1060737687528333 6.6329181156260253 2.3009972717677831 5.5570645720509342 5.0229542572710226 2.6018887398423365
 4.1632069070976883 2.3009972717677831 3.4591087927400066 5.4884315751687973 5.1886616812318795 5.2231488811426123
 2.5030950702219501 5.5570645720509342 5.4884315751687973 7.7476435924341756 8.7908860892245517 3.7966804113837966
 8.9291383755472964 5.0229542572710226 5.1886616812318795 8.7908860892245517 1.1486716879095826 5.4034686236701379
 4.3503841947532402 2.6018887398423365 5.2231488811426123 3.7966804113837966 5.4034686236701379 1.4156759750361003


---Resultados---
-Norma resultado:1.1116e-10
# name: lambda_res
# type: diagonal matrix
# rows: 6
# columns: 6
-0.99999999998965661
-0.99999999995399103
-0.99999999994416
-0.99999999994399624
1.1408719250246999
2.8591280750441106


# name: Y_res
# type: matrix
# rows: 6
# columns: 6
 0 0.99475053623937049 0.10232971642647805 0.72829821664362804 0.13839380393971296 0.10232971642647783
 0.99475053623937049 2.3700722318885159e-10 0 0.65435254721867175 0.036322284535264981 0
 0.10232971642647805 0 0 0.75618962169660664 0.99934012805196804 0.99999999994416
 0.72829821664362804 0.65435254721867175 0.75618962169660664 0 0.77945821282532213 0.75618962169660697
 0.13839380393971296 0.036322284535264981 0.99934012805196804 0.77945821282532213 0 0.99934012805196804
 0.10232971642647783 0 0.99999999994416 0.75618962169660697 0.99934012805196804 0


#------------------------------------------#
-Simulacion N.16
Total de iteraciones:1001
Tiempo de ejecucion:0.57152
---Datos Iniciales---
# name: Y
# type: matrix
# rows: 6
# columns: 6
 7.4983522853931035 7.7525372806623922 4.1531115940998538 4.5908215303878483 3.9854839908115576 9.5730155167389643
 7.7525372806623922 4.7921490504949205 3.4413426746591278 6.286445530438276 9.6995687580218242 8.0512191954422221
 4.1531115940998538 3.4413426746591278 9.0494789234625124 7.5624383268682358 1.7861821040385206 3.5706146975869766
 4.5908215303878483 6.286445530438276 7.5624383268682358 3.3757493104568925 4.9858352892580999 2.3848245938075192
 3.9854839908115576 9.6995687580218242 1.7861821040385206 4.9858352892580999 4.9087452156845535 3.0137120296747106
 9.5730155167389643 8.0512191954422221 3.5706146975869766 2.3848245938075192 3.0137120296747106 2.1441655104544131


---Resultados---
-Norma resultado:2.1218e-09
# name: lambda_res
# type: diagonal matrix
# rows: 6
# columns: 6
-0.99999999995277955
-0.99999999898173941
-0.99999999896131553
-0.9999999989613142
1.1408719249975168
2.8591280760953675


# name: Y_res
# type: matrix
# rows: 6
# columns: 6
 0 0.8591280777971726 0.51176063266540617 0.51176063155180773 0.85912807779717237 0.85912807779717271
 0.8591280777971726 0 0 0 0.99999999896131464 0.99999999896131442
 0.51176063266540617 0 4.2357349763011387e-09 1.0000000020703159 0 0
 0.51176063155180773 0 1.0000000020703159 0 0 0
 0.85912807779717237 0.99999999896131464 0 0 0 0.99999999896131431
 0.85912807779717271 0.99999999896131442 0 0 0.99999999896131431 0


#------------------------------------------#
-Simulacion N.17
Total de iteraciones:226
Tiempo de ejecucion:0.12837
---Datos Iniciales---
# name: Y
# type: matrix
# rows: 6
# columns: 6
 0.7652542105357063 4.7773551279082014 0.37215915163417268 6.7431114154174461 4.9159225127664881 5.2251045018520301
 4.7773551279082014 5.5513860296393105 2.7448422145119342 8.3247846754652528 3.8666740784669154 8.6675880577016553
 0.37215915163417268 2.7448422145119342 3.9807225462612683 1.3370950274895581 5.2521022186220794 6.3881661088540049
 6.7431114154174461 8.3247846754652528 1.3370950274895581 0.95921628940303982 2.4742330689003844 4.8957306230672382
 4.9159225127664881 3.8666740784669154 5.2521022186220794 2.4742330689003844 6.1277866395873239 7.081757347897808
 5.2251045018520301 8.6675880577016553 6.3881661088540049 4.8957306230672382 7.081757347897808 1.5696918705374219


---Resultados---
-Norma resultado:1.0763e-10
# name: lambda_res
# type: diagonal matrix
# rows: 6
# columns: 6
-0.99999999998744205
-0.99999999995749322
-0.99999999994701738
-0.99999999994546984
1.1408719250343669
2.8591280750382881


# name: Y_res
# type: matrix
# rows: 6
# columns: 6
 0 0.99326663750856192 0 0.99999999994701749 0.17124451592221729 0.60933045493289728
 0.99326663750856192 0 0.11585070869228271 0.99326663750856226 0.28423089147136071 0.69708753749803765
 0 0.11585070869228271 0 0 0.98522856026802719 0.79291638689208788
 0.99999999994701749 0.99326663750856226 0 0 0.17124451592221729 0.6093304549328975
 0.17124451592221729 0.28423089147136071 0.98522856026802719 0.17124451592221729 2.3523249837221898e-10 0.88554836909669088
 0.60933045493289728 0.69708753749803765 0.79291638689208788 0.6093304549328975 0.88554836909669088 0


#------------------------------------------#
-Simulacion N.18
Total de iteraciones:390
Tiempo de ejecucion:0.22436
---Datos Iniciales---
# name: Y
# type: matrix
# rows: 6
# columns: 6
 1.3698503070381329 3.7084468767394143 1.3345082128182368 3.1598640199893442 7.0657593502364122 6.0565318744064047
 3.7084468767394143 8.8218257225058565 3.9949578134235106 9.34088563741755 9.1515038531800723 4.4195938287631655
 1.3345082128182368 3.9949578134235106 1.899174220822234 4.852048178234563 8.6640229559127615 2.513058419977281
 3.1598640199893442 9.34088563741755 4.852048178234563 3.0312053547306164 4.5211548777905834 7.9042981005820812
 7.0657593502364122 9.1515038531800723 8.6640229559127615 4.5211548777905834 8.531350261225203 8.0241770371170631
 6.0565318744064047 4.4195938287631655 2.513058419977281 7.9042981005820812 8.0241770371170631 1.8011697768299495


---Resultados---
-Norma resultado:1.1277e-10
# name: lambda_res
# type: diagonal matrix
# rows: 6
# columns: 6
-0.99999999999222378
-0.99999999995223399
-0.99999999994439681
-0.99999999994108668
1.1408719250207462
2.859128075046339


# name: Y_res
# type: matrix
# rows: 6
# columns: 6
 0 0 0.99989863602085294 0 0.99495494828625186 0.79221111557888724
 0 2.3714389248857673e-10 0.014237892119130381 1.0000000001102878 0.10032273305585659 0.61024712072149401
 0.99989863602085294 0.014237892119130381 0 0.014237892112207367 0.9962824800014749 0.80081944662538773
 0 1.0000000001102878 0.014237892112207367 0 0.10032273303803842 0.61024712064002673
 0.99495494828625186 0.10032273305585659 0.9962824800014749 0.10032273303803842 0 0.84943602855713407
 0.79221111557888724 0.61024712072149401 0.80081944662538773 0.61024712064002673 0.84943602855713407 0


#------------------------------------------#
-Simulacion N.19
Total de iteraciones:237
Tiempo de ejecucion:0.13442
---Datos Iniciales---
# name: Y
# type: matrix
# rows: 6
# columns: 6
 2.706381412965102 7.0702944421115275 7.7070894987629224 6.2696730657853319 2.7982073381098003 4.2057538437077575
 7.0702944421115275 5.4352031980379145 7.8362014642698528 5.4592466813365998 5.9966950269228771 7.786810521053301
 7.7070894987629224 7.8362014642698528 3.8971107286310303 4.3814919861838426 6.8680121164071339 4.6164347553475356
 6.2696730657853319 5.4592466813365998 4.3814919861838426 7.3393303949535724 2.1121800635612327 5.2544331742615915
 2.7982073381098003 5.9966950269228771 6.8680121164071339 2.1121800635612327 7.8479304049265011 1.9902326093155613
 4.2057538437077575 7.786810521053301 4.6164347553475356 5.2544331742615915 1.9902326093155613 6.0967617266347087


---Resultados---
-Norma resultado:1.1578e-10
# name: lambda_res
# type: diagonal matrix
# rows: 6
# columns: 6
-0.99999999998487799
-0.99999999995526068
-0.9999999999426985
-0.9999999999414878
1.1408719250339632
2.8591280750430372


# name: Y_res
# type: matrix
# rows: 6
# columns: 6
 0 0.71587016526772218 0.2481059601746593 0.99560747220413459 0.093625643800838751 0.99560747220413504
 0.71587016526772218 0 0.85401333923234601 0.647353132406288 0.76219021381385632 0.647353132406288
 0.2481059601746593 0.85401333923234601 0 0.15631790639081861 0.98770679472963452 0.15631790639081822
 0.99560747220413459 0.647353132406288 0.15631790639081861 0 0 0.99999999994269884
 0.093625643800838751 0.76219021381385632 0.98770679472963452 0 2.5267380774604991e-10 0
 0.99560747220413504 0.647353132406288 0.15631790639081822 0.99999999994269884 0 0


#------------------------------------------#
-Simulacion N.20
Total de iteraciones:234
Tiempo de ejecucion:0.13369
---Datos Iniciales---
# name: Y
# type: matrix
# rows: 6
# columns: 6
 5.453528418637883 8.074270568958184 7.0218515358666691 1.7894608786990795 8.4759607862918944 7.2146534037069117
 8.074270568958184 3.2570180144755323 6.2681470827366406 6.7983002575368117 7.8919146296337068 4.495529445647775
 7.0218515358666691 6.2681470827366406 3.1807179837441657 4.5305245450153837 5.555906470971788 6.2532858417782995
 1.7894608786990795 6.7983002575368117 4.5305245450153837 0.33742264506143815 5.8126381446014239 4.6764873732544432
 8.4759607862918944 7.8919146296337068 5.555906470971788 5.8126381446014239 5.9989528337321065 4.4308478873548207
 7.2146534037069117 4.495529445647775 6.2532858417782995 4.6764873732544432 4.4308478873548207 8.8574765098546866


---Resultados---
-Norma resultado:1.0982e-10
# name: lambda_res
# type: diagonal matrix
# rows: 6
# columns: 6
-0.99999999998406086
-0.99999999995857769
-0.99999999994522959
-0.99999999994522815
1.1408719250342452
2.8591280750398536


# name: Y_res
# type: matrix
# rows: 6
# columns: 6
 0 0.62926355095009234 0.90822097083825093 0.6292635509500919 0.62926355095009234 0.77719198626999386
 0.62926355095009234 0 0.24626254721525731 0.99999999994522848 0.99999999994522903 0
 0.90822097083825093 0.24626254721525731 0 0.24626254721525687 0.24626254721525753 0.96920315622137287
 0.6292635509500919 0.99999999994522848 0.24626254721525687 0 0.99999999994522937 0
 0.62926355095009234 0.99999999994522903 0.24626254721525753 0.99999999994522937 0 0
 0.77719198626999386 0 0.96920315622137287 0 0 2.4100267676753377e-10


#------------------------------------------#
-Simulacion N.21
Total de iteraciones:205
Tiempo de ejecucion:0.11808
---Datos Iniciales---
# name: Y
# type: matrix
# rows: 6
# columns: 6
 5.9369951495334039 7.8427882389498951 3.4087993528982379 3.9313249479811114 4.7004035139138143 8.070592133536941
 7.8427882389498951 7.9485395047716656 5.3156346855331131 6.3207099402365996 2.8723115182352026 1.480631426889071
 3.4087993528982379 5.3156346855331131 9.9786492265840607 6.32239448834566 1.4691472674774719 4.7403956908393532
 3.9313249479811114 6.3207099402365996 6.32239448834566 4.6493376495239955 6.0651954475244088 4.5048794109787984
 4.7004035139138143 2.8723115182352026 1.4691472674774719 6.0651954475244088 9.0801421346941353 7.5728531460827018
 8.070592133536941 1.480631426889071 4.7403956908393532 4.5048794109787984 7.5728531460827018 6.8001598492163104


---Resultados---
-Norma resultado:1.13e-10
# name: lambda_res
# type: diagonal matrix
# rows: 6
# columns: 6
-0.99999999998453282
-0.99999999995538347
-0.99999999994696775
-0.99999999994354427
1.1408719250435198
2.8591280750370829


# name: Y_res
# type: matrix
# rows: 6
# columns: 6
 0 0.52091101139709362 0.52091101139709317 0.84070334607195651 0.85361098770164967 0.86309205969136726
 0.52091101139709362 0 0.99999999994696798 0.90015853868549667 0 0.018480806881808705
 0.52091101139709317 0.99999999994696798 0 0.90015853868549689 0 0.018480806881808542
 0.84070334607195651 0.90015853868549667 0.90015853868549689 0 0.43556240101424337 0.45212366967724293
 0.85361098770164967 0 0 0.43556240101424337 2.5017277027221445e-10 0.99982921541106196
 0.86309205969136726 0.018480806881808705 0.018480806881808542 0.45212366967724293 0.99982921541106196 0


#------------------------------------------#
-Simulacion N.22
Total de iteraciones:242
Tiempo de ejecucion:0.13909
---Datos Iniciales---
# name: Y
# type: matrix
# rows: 6
# columns: 6
 1.9560181919155617 5.6557374524925557 8.3760372500260942 7.3117183244158923 4.3183411921519941 2.6746447631153751
 5.6557374524925557 2.335487631849781 8.6305775416904957 5.0183352726824468 2.0658433307309974 5.4898706985819796
 8.3760372500260942 8.6305775416904957 1.6493713618536643 3.7929606450458504 3.7054247831484202 1.0543894866866144
 7.3117183244158923 5.0183352726824468 3.7929606450458504 3.7602486050252715 2.3345718789779029 1.3101046040944309
 4.3183411921519941 2.0658433307309974 3.7054247831484202 2.3345718789779029 0.60343076778326843 3.4886960750217897
 2.6746447631153751 5.4898706985819796 1.0543894866866144 1.3101046040944309 3.4886960750217897 4.2005994194394169


---Resultados---
-Norma resultado:1.1637e-10
# name: lambda_res
# type: diagonal matrix
# rows: 6
# columns: 6
-0.9999999999844712
-0.99999999995448874
-0.99999999994193589
-0.99999999994193367
1.1408719250320327
2.8591280750443255


# name: Y_res
# type: matrix
# rows: 6
# columns: 6
 0 0.68011463448496923 0.99999999994193511 0.99999999994193511 0.20183214064183583 0
 0.68011463448496923 0 0.68011463448497 0.68011463448496956 0.85528754886785696 0.73310577955396616
 0.99999999994193511 0.68011463448497 0 0.999999999941936 0.20183214064183586 0
 0.99999999994193511 0.68011463448496956 0.999999999941936 0 0.20183214064183619 0
 0.20183214064183583 0.85528754886785696 0.20183214064183586 0.20183214064183619 0 0.97942012804200573
 0 0.73310577955396616 0 0 0.97942012804200573 2.5352682977537512e-10


#------------------------------------------#
-Simulacion N.23
Total de iteraciones:223
Tiempo de ejecucion:0.12788
---Datos Iniciales---
# name: Y
# type: matrix
# rows: 6
# columns: 6
 1.8888369880751088 4.4027091001874492 2.9068932369675755 0.28379498097537259 3.6141375901103658 6.2025586868109173
 4.4027091001874492 6.4757500161827721 7.7679698164853352 7.7655017506678723 2.1889451827368989 5.9668271728333089
 2.9068932369675755 7.7679698164853352 7.5297833171639077 3.3097006647585951 5.4662466437701527 6.217771787528056
 0.28379498097537259 7.7655017506678723 3.3097006647585951 4.8280988118491832 7.0326254614924846 5.5958802063326596
 3.6141375901103658 2.1889451827368989 5.4662466437701527 7.0326254614924846 0.55038971003069315 8.7573614306994223
 6.2025586868109173 5.9668271728333089 6.217771787528056 5.5958802063326596 8.7573614306994223 3.2270207983686126


---Resultados---
-Norma resultado:1.1407e-10
# name: lambda_res
# type: diagonal matrix
# rows: 6
# columns: 6
-0.99999999998425382
-0.99999999995686562
-0.99999999994429911
-0.99999999994205424
1.1408719250374939
2.859128075040521


# name: Y_res
# type: matrix
# rows: 6
# columns: 6
 0 0.15304443058964545 0.99999999994429856 0 0.58429135743019311 0.98590929658514082
 0.15304443058964545 0 0.1530444305896459 0.9882193088959309 0.89140595571689341 0.31619802203536229
 0.99999999994429856 0.1530444305896459 0 0 0.58429135743019345 0.98590929658514093
 0 0.9882193088959309 0 2.5054042532197434e-10 0.81154396660261563 0.16728077833411822
 0.58429135743019311 0.89140595571689341 0.58429135743019345 0.81154396660261563 0 0.71181398759078507
 0.98590929658514082 0.31619802203536229 0.98590929658514093 0.16728077833411822 0.71181398759078507 0


#------------------------------------------#
-Simulacion N.24
Total de iteraciones:219
Tiempo de ejecucion:0.12505
---Datos Iniciales---
# name: Y
# type: matrix
# rows: 6
# columns: 6
 1.8457258341559302 7.3771747378201447 5.169547050644967 7.5973811256452155 4.1484887364695879 6.2377860216170244
