#Resultados de la simulacion de P2.
#------------------------------------------#
-Precision:eps(10^-10)
-Dimension:10
-Maximo de Iteraciones:1000
-Maximo de Simulaciones:100
-Valor de k:0.92171
# name: lambda
# type: diagonal matrix
# rows: 6
# columns: 6
-1
-1
-1
-1
1.9217138558253819
2.0782861441746183


#------------------------------------------#
-Simulacion N.1
Total de iteraciones:221
Tiempo de ejecucion:0.13451
---Datos Iniciales---
# name: Y
# type: matrix
# rows: 6
# columns: 6
 7.4683342734584421 5.8594245010380126 5.7780410358177656 5.7701491853263427 7.5841444718213413 3.4236408739653519
 5.8594245010380126 6.2904760081572375 4.1516486065581875 8.4025878320377139 6.7162023261379744 2.9784265060297037
 5.7780410358177656 4.1516486065581875 6.2571653037786366 8.8369605131840423 2.0171327786124542 3.3916826540226936
 5.7701491853263427 8.4025878320377139 8.8369605131840423 4.0126880945799765 4.6334350550813754 4.7498780484150132
 7.5841444718213413 6.7162023261379744 2.0171327786124542 4.6334350550813754 8.7805629890561789 6.6197497704912802
 3.4236408739653519 2.9784265060297037 3.3916826540226936 4.7498780484150132 6.6197497704912802 2.8367479091782655


---Resultados---
-Norma resultado:1.1548e-10
# name: lambda_res
# type: diagonal matrix
# rows: 6
# columns: 6
-0.99999999998668399
-0.9999999999600252
-0.99999999994183841
-0.9999999999418383
1.9217138558657154
2.0782861442189344


# name: Y_res
# type: matrix
# rows: 6
# columns: 6
 0 0.077982530525617627 0.00030453024889410299 0 0.99999999994183786 0.99999999994183819
 0.077982530525617627 0 0.99697842753617683 0.99695472557824749 0.077982530525617447 0.077982530525617683
 0.00030453024889410299 0.99697842753617683 2.5426540521436142e-10 0.99999995373791883 0.00030453024889420235 0.00030453024889420046
 0 0.99695472557824749 0.99999995373791883 0 0 0
 0.99999999994183786 0.077982530525617447 0.00030453024889420235 0 0 0.99999999994183819
 0.99999999994183819 0.077982530525617683 0.00030453024889420046 0 0.99999999994183819 0


#------------------------------------------#
-Simulacion N.2
Total de iteraciones:1001
Tiempo de ejecucion:0.56514
---Datos Iniciales---
# name: Y
# type: matrix
# rows: 6
# columns: 6
 9.6619490200838332 3.6896279238161536 4.3177405425670727 3.6613752544404012 2.7937657012994044 1.3748556496193642
 3.6896279238161536 4.1937848527672186 8.3023265946426292 0.224243893717056 7.7693074920033576 5.0422787165579752
 4.3177405425670727 8.3023265946426292 4.7094517664791553 3.9447461595764493 5.5022673223367731 5.9201999738600524
 3.6613752544404012 0.224243893717056 3.9447461595764493 8.7937970970978778 3.7576120851416199 5.6099829217343355
 2.7937657012994044 7.7693074920033576 5.5022673223367731 3.7576120851416199 2.856356702017655 6.4048990330932556
 1.3748556496193642 5.0422787165579752 5.9201999738600524 5.6099829217343355 6.4048990330932556 6.1144243477789004


---Resultados---
-Norma resultado:0.46086
# name: lambda_res
# type: diagonal matrix
# rows: 6
# columns: 6
-1
-0.76957153604365536
-0.76957153604365447
-0.76957153604365403
1.9217138558253817
2.308714608130964


# name: Y_res
# type: matrix
# rows: 6
# columns: 6
 0.25929471171489682 0 7.2494731445682802e-16 1.4468848042715554 0 0
 0 0 0.76957153604365502 9.8098029665279801e-17 0.76957153604365558 0.76957153604365436
 7.2494731445682802e-16 0.76957153604365502 0 4.4130586987804419e-16 0.7695715360436548 0.76957153604365436
 1.4468848042715554 9.8098029665279801e-17 4.4130586987804419e-16 0.66241914411048353 0 0
 0 0.76957153604365558 0.7695715360436548 0 0 0.7695715360436548
 0 0.76957153604365436 0.76957153604365436 0 0.7695715360436548 0


#------------------------------------------#
-Simulacion N.3
Total de iteraciones:1001
Tiempo de ejecucion:0.59419
---Datos Iniciales---
# name: Y
# type: matrix
# rows: 6
# columns: 6
 2.6563159138543915 5.1067341954101275 1.7201824570604201 6.3350446919459165 7.4704610406097558 0.49152912935988391
 5.1067341954101275 4.888275790124009 1.8490723177202946 2.6851145473908131 5.0111446114493603 3.0945425075749289
 1.7201824570604201 1.8490723177202946 6.2676361101999989 3.5915163470077922 5.935230077135552 6.9359406491867741
 6.3350446919459165 2.6851145473908131 3.5915163470077922 6.5964535957755688 7.1716034874315087 2.249589735751016
 7.4704610406097558 5.0111446114493603 5.935230077135552 7.1716034874315087 8.2714074024535371 3.3141397844752967
 0.49152912935988391 3.0945425075749289 6.9359406491867741 2.249589735751016 3.3141397844752967 7.0337073252604618


---Resultados---
-Norma resultado:0.46086
# name: lambda_res
# type: diagonal matrix
# rows: 6
# columns: 6
-1.0000000000000002
-0.76957153604365491
-0.76957153604365425
-0.76957153604365414
1.9217138558253819
2.3087146081309617


# name: Y_res
# type: matrix
# rows: 6
# columns: 6
 0 0.76957153604365436 0 0.76957153604365414 0.76957153604365469 0
 0.76957153604365436 0 0 0.76957153604365425 0.76957153604365447 0
 0 0 0.23576309890171848 0 4.5895279825500515e-16 1.4434111444670517
 0.76957153604365414 0.76957153604365425 0 0 0.76957153604365458 0
 0.76957153604365469 0.76957153604365447 4.5895279825500515e-16 0.76957153604365458 0 5.6491778187713813e-16
 0 0 1.4434111444670517 0 5.6491778187713813e-16 0.68595075692366314


#------------------------------------------#
-Simulacion N.4
Total de iteraciones:224
Tiempo de ejecucion:0.12909
---Datos Iniciales---
# name: Y
# type: matrix
# rows: 6
# columns: 6
 3.7332951305682882 5.6418720985056776 5.6849488998069901 4.1954125359626904 6.254761717721026 5.6411304790402319
 5.6418720985056776 6.5594113138930377 8.0104115275318275 4.5498678470370786 7.3566717477731816 2.8333287410263797
 5.6849488998069901 8.0104115275318275 5.4564445272013886 3.2929510577855767 5.4741376629717102 3.6687725620474856
 4.1954125359626904 4.5498678470370786 3.2929510577855767 0.97678665270706233 5.0256450627685352 4.6168783663900026
 6.254761717721026 7.3566717477731816 5.4741376629717102 5.0256450627685352 2.9118119394228072 5.9096553843789916
 5.6411304790402319 2.8333287410263797 3.6687725620474856 4.6168783663900026 5.9096553843789916 6.3024891195446644


---Resultados---
-Norma resultado:1.0996e-10
# name: lambda_res
# type: diagonal matrix
# rows: 6
# columns: 6
-0.99999999998731914
-0.99999999996193378
-0.99999999994461608
-0.99999999994461586
1.9217138558637843
2.0782861442168197


# name: Y_res
# type: matrix
# rows: 6
# columns: 6
 0 0.00025587563542549887 0 0.99999999994461641 0.078031041104926979 0.99999999994461652
 0.00025587563542549887 2.4211923596394597e-10 0.99999996736596086 0.00025587563542533233 0.9969708636050727 0.00025587563542586218
 0 0.99999996736596086 0 0 0.99695092985958 0
 0.99999999994461641 0.00025587563542533233 0 0 0.078031041104926702 0.99999999994461652
 0.078031041104926979 0.9969708636050727 0.99695092985958 0.078031041104926702 0 0.078031041104926979
 0.99999999994461652 0.00025587563542586218 0 0.99999999994461652 0.078031041104926979 0


#------------------------------------------#
-Simulacion N.5
Total de iteraciones:224
Tiempo de ejecucion:0.12782
---Datos Iniciales---
# name: Y
# type: matrix
# rows: 6
# columns: 6
 2.0925554042947647 3.3430710751895525 5.3614663169166858 5.7884064723003466 4.9987941402065372 2.4099552651807716
 3.3430710751895525 4.3083678228047688 3.0567683834777735 1.2555983612983663 6.2249189188200855 3.6276728699621144
 5.3614663169166858 3.0567683834777735 0.17856220690877223 4.7745998159796939 1.7004627464911466 4.195345740994858
 5.7884064723003466 1.2555983612983663 4.7745998159796939 3.8930013079707928 6.4449900641655091 5.8495591569818437
 4.9987941402065372 6.2249189188200855 1.7004627464911466 6.4449900641655091 8.3930097207627004 3.2440217039200574
 2.4099552651807716 3.6276728699621144 4.195345740994858 5.8495591569818437 3.2440217039200574 7.0698694312902886


---Resultados---
-Norma resultado:1.0697e-10
# name: lambda_res
# type: diagonal matrix
# rows: 6
# columns: 6
-0.99999999998766398
-0.99999999996296884
-0.99999999994612221
-0.99999999994612065
1.9217138558627438
2.0782861442156713


# name: Y_res
# type: matrix
# rows: 6
# columns: 6
 0 0.99695439387635509 0.077986771035212191 0.077986771035212163 0.99697776671430416 0.077986771035211705
 0.99695439387635509 0 0 0 0.99999995501616168 0
 0.077986771035212191 0 0 0.99999999994612232 0.00030027718415467062 0.99999999994612243
 0.077986771035212163 0 0.99999999994612232 0 0.00030027718415427326 0.99999999994612199
 0.99697776671430416 0.99999995501616168 0.00030027718415467062 0.00030027718415427326 2.3554008630547605e-10 0.00030027718415422946
 0.077986771035211705 0 0.99999999994612243 0.99999999994612199 0.00030027718415422946 0


#------------------------------------------#
-Simulacion N.6
Total de iteraciones:1001
Tiempo de ejecucion:0.56873
---Datos Iniciales---
# name: Y
# type: matrix
# rows: 6
# columns: 6
 4.8559260400931592 7.2988041018311955 0.9827397507134783 7.6926637836581104 6.6786724054213122 2.6136236150926879
 7.2988041018311955 5.9898928008505772 1.8372951369810009 0.38191723135287459 2.1933025817317979 3.2125678407493403
 0.9827397507134783 1.8372951369810009 2.4264183525298222 8.1273452715223193 5.4965620766755396 3.3252734384109899
 7.6926637836581104 0.38191723135287459 8.1273452715223193 5.9357582043510231 6.6989305669583157 6.4815884850708549
 6.6786724054213122 2.1933025817317979 5.4965620766755396 6.6989305669583157 4.3673109012587776 7.6829811101824603
 2.6136236150926879 3.2125678407493403 3.3252734384109899 6.4815884850708549 7.6829811101824603 8.9370905752490444


---Resultados---
-Norma resultado:0.46086
# name: lambda_res
# type: diagonal matrix
# rows: 6
# columns: 6
-1.0000000000000007
-0.76957153604365469
-0.76957153604365458
-0.76957153604365325
1.921713855825383
2.3087146081309635


# name: Y_res
# type: matrix
# rows: 6
# columns: 6
 0.11358468421572121 1.4189802509507241 1.3721939880345255e-16 1.4830768745502927e-16 0 0
 1.4189802509507241 0.80812917160966102 0 1.4150021367987992e-16 0 0
 1.3721939880345255e-16 0 0 0.76957153604365414 0.76957153604365458 0.76957153604365458
 1.4830768745502927e-16 1.4150021367987992e-16 0.76957153604365414 0 0.76957153604365414 0.76957153604365469
 0 0 0.76957153604365458 0.76957153604365414 0 0.7695715360436548
 0 0 0.76957153604365458 0.76957153604365469 0.7695715360436548 0


#------------------------------------------#
-Simulacion N.7
Total de iteraciones:1001
Tiempo de ejecucion:0.57182
---Datos Iniciales---
# name: Y
# type: matrix
# rows: 6
# columns: 6
 1.010163091695383 5.453066598779845 4.3789803641071536 4.2753013880988249 6.0835654121354805 2.8140780236356555
 5.453066598779845 7.663100070027939 5.8387138062130415 5.1419044357957073 6.4268780226461022 2.7822033984150503
 4.3789803641071536 5.8387138062130415 9.959848989993981 4.7443764100041959 7.0434572882877742 3.3480078702185931
 4.2753013880988249 5.1419044357957073 4.7443764100041959 4.1542643813468629 4.0306817496101042 4.1550189136609283
 6.0835654121354805 6.4268780226461022 7.0434572882877742 4.0306817496101042 4.3161770767260172 2.7081569651669937
 2.8140780236356555 2.7822033984150503 3.3480078702185931 4.1550189136609283 2.7081569651669937 5.7169085679538352


---Resultados---
-Norma resultado:0.46086
# name: lambda_res
# type: diagonal matrix
# rows: 6
# columns: 6
-1.0000000000000002
-0.76957153604365536
-0.76957153604365502
-0.76957153604365491
1.9217138558253823
2.3087146081309671


# name: Y_res
# type: matrix
# rows: 6
# columns: 6
 0 0.76957153604365491 0.76957153604365502 7.8393448806099126e-17 0.76957153604365514 0
 0.76957153604365491 0 0.76957153604365514 7.8393448806098535e-17 0.76957153604365514 0
 0.76957153604365502 0.76957153604365514 0 7.8393448806098264e-17 0.76957153604365536 0
 7.8393448806099126e-17 7.8393448806098535e-17 7.8393448806098264e-17 0.00015132114851348845 5.9103768987226252e-17 1.3863092395733925
 0.76957153604365514 0.76957153604365514 0.76957153604365536 5.9103768987226252e-17 0 0
 0 0 0 1.3863092395733925 0 0.92156253467686866


#------------------------------------------#
-Simulacion N.8
Total de iteraciones:216
Tiempo de ejecucion:0.12729
---Datos Iniciales---
# name: Y
# type: matrix
# rows: 6
# columns: 6
 6.6084622624029441 8.0595710245345096 5.0667239847219783 4.7935881451321496 6.9132475349384679 5.6668838126205072
 8.0595710245345096 7.1571115592534991 2.1142161197049107 2.9731893772181959 5.236618432038143 4.0763778537486548
 5.0667239847219783 2.1142161197049107 7.4310054758762591 6.5492264691676718 2.2626866847209333 4.9774882297938099
 4.7935881451321496 2.9731893772181959 6.5492264691676718 2.6559919089797059 5.144599835427929 7.1898844030596649
 6.9132475349384679 5.236618432038143 2.2626866847209333 5.144599835427929 2.8228041357877052 2.9079366158389166
 5.6668838126205072 4.0763778537486548 4.9774882297938099 7.1898844030596649 2.9079366158389166 0.0062486944125228483


---Resultados---
-Norma resultado:1.105e-10
# name: lambda_res
# type: diagonal matrix
# rows: 6
# columns: 6
-0.99999999998724209
-0.99999999996182476
-0.99999999994432842
-0.99999999994432653
1.921713855864817
2.0782861442162379


# name: Y_res
# type: matrix
# rows: 6
# columns: 6
 0 0.99999999994429756 0.00063608518637628484 0.00017292334336436294 0.99999999994432753 0.077479267203237404
 0.99999999994429756 0 0.00063632906803764012 0.00017316722507139843 0.99999999994429689 0.077479510351828429
 0.00063608518637628484 0.00063632906803764012 2.4333407476972939e-10 0.9999998928431707 0.00063608410014522857 0.99704304527094967
 0.00017292334336436294 0.00017316722507139843 0.9999998928431707 0 0.00017292225713301708 0.9970073464782554
 0.99999999994432753 0.99999999994429689 0.00063608410014522857 0.00017292225713301708 0 0.077479266120271589
 0.077479267203237404 0.077479510351828429 0.99704304527094967 0.9970073464782554 0.077479266120271589 0


#------------------------------------------#
-Simulacion N.9
Total de iteraciones:219
Tiempo de ejecucion:0.12731
---Datos Iniciales---
# name: Y
# type: matrix
# rows: 6
# columns: 6
 3.7669933821658019 6.2050339347747485 4.8580730389586719 3.9055001666166858 6.343607296940811 4.5137850205143488
 6.2050339347747485 6.6201553131124937 5.5346191579862776 5.9069549966312502 1.0704354931343101 2.1756508906304002
 4.8580730389586719 5.5346191579862776 5.6298490579544191 2.8493538498683866 2.0293866426487641 6.1338439579216528
 3.9055001666166858 5.9069549966312502 2.8493538498683866 4.459576287967181 6.0653014816709883 7.8285013917415007
 6.343607296940811 1.0704354931343101 2.0293866426487641 6.0653014816709883 9.8466761472810944 9.4699164358010819
 4.5137850205143488 2.1756508906304002 6.1338439579216528 7.8285013917415007 9.4699164358010819 4.5479900669928366


---Resultados---
-Norma resultado:1.0604e-10
# name: lambda_res
# type: diagonal matrix
# rows: 6
# columns: 6
-0.99999999998775602
-0.99999999996336564
-0.99999999994657429
-0.99999999994657318
1.9217138558632074
2.0782861442145717


# name: Y_res
# type: matrix
# rows: 6
# columns: 6
 0 0.99999999994657429 0.9999999999465744 0.077922965031868546 0.00035900521404018588 5.2637045916640598e-06
 0.99999999994657429 0 0.99999999994657429 0.077922967733160875 0.0003590079235707592 5.2664141225098904e-06
 0.9999999999465744 0.99999999994657429 0 0.077922965047013293 0.00035900522923095846 5.263719782488041e-06
 0.077922965031868546 0.077922967733160875 0.077922965047013293 0 0.9969872936868488 0.99695979319758665
 0.00035900521404018588 0.0003590079235707592 0.00035900522923095846 0.9969872936868488 2.33509372565152e-10 0.99999993753196237
 5.2637045916640598e-06 5.2664141225098904e-06 5.263719782488041e-06 0.99695979319758665 0.99999993753196237 0


#------------------------------------------#
-Simulacion N.10
Total de iteraciones:217
Tiempo de ejecucion:0.12476
---Datos Iniciales---
# name: Y
# type: matrix
# rows: 6
# columns: 6
 8.3022246625692429 5.0628705648689305 6.093978893626236 3.2893056085474095 2.3482296855813107 2.5669210948348242
 5.0628705648689305 9.3063059935248376 5.645483716968128 3.518713084264852 5.2334734568377979 6.8663683520651171
 6.093978893626236 5.645483716968128 3.4393419511318148 4.0452236249717384 2.735925769572467 5.3705291448878771
 3.2893056085474095 3.518713084264852 4.0452236249717384 3.6239580197679544 6.9287572595056393 7.8799593324876778
 2.3482296855813107 5.2334734568377979 2.735925769572467 6.9287572595056393 6.6071909453984858 7.2345322770474212
 2.5669210948348242 6.8663683520651171 5.3705291448878771 7.8799593324876778 7.2345322770474212 9.5371896866082917


---Resultados---
-Norma resultado:1.1194e-10
# name: lambda_res
# type: diagonal matrix
# rows: 6
# columns: 6
-0.99999999998707534
-0.99999999996132816
-0.999999999943604
-0.99999999994360278
1.9217138558653228
2.0782861442167855


# name: Y_res
# type: matrix
# rows: 6
# columns: 6
 2.4649652687815314e-10 0.99701996949369931 0.99999991156296619 0.00052215722361592274 0.00052215724822958281 0.00052215828745335257
 0.99701996949369931 0 0.99698741806547941 0.077664486316806641 0.077664486341345595 0.077664487377430702
 0.99999991156296619 0.99698741806547941 0 0.00010134611679675655 0.00010134614141062314 0.00010134718063440826
 0.00052215722361592274 0.077664486316806641 0.00010134611679675655 0 0.99999999994360322 0.99999999994360311
 0.00052215724822958281 0.077664486341345595 0.00010134614141062314 0.99999999994360322 0 0.999999999943603
 0.00052215828745335257 0.077664487377430702 0.00010134718063440826 0.99999999994360311 0.999999999943603 0


#------------------------------------------#
-Simulacion N.11
Total de iteraciones:1001
Tiempo de ejecucion:0.57155
---Datos Iniciales---
# name: Y
# type: matrix
# rows: 6
# columns: 6
 2.7565539298554045 5.6281048791638835 7.3396604229160056 5.1775377977477968 6.3923771249142884 5.9798676931185621
 5.6281048791638835 1.1437450199170662 4.7055314027907489 2.6255790884425649 4.7021998603610946 5.1949578359602544
 7.3396604229160056 4.7055314027907489 5.6194707941726971 4.2527802894953313 5.1861578390024148 3.6702163565902142
 5.1775377977477968 2.6255790884425649 4.2527802894953313 3.5803974826185367 7.3051716017213781 7.0729744113106339
 6.3923771249142884 4.7021998603610946 5.1861578390024148 7.3051716017213781 9.7986045982043848 4.5994881715039497
 5.9798676931185621 5.1949578359602544 3.6702163565902142 7.0729744113106339 4.5994881715039497 9.0916473407807228


---Resultados---
-Norma resultado:0.46086
# name: lambda_res
# type: diagonal matrix
# rows: 6
# columns: 6
-1.0000000000000002
-0.76957153604365491
-0.76957153604365469
-0.76957153604365436
1.9217138558253826
2.3087146081309649


# name: Y_res
# type: matrix
# rows: 6
# columns: 6
 0 0.7695715360436548 0.76957153604365458 7.8050471433221519e-17 0.76957153604365458 0
 0.7695715360436548 0 0.76957153604365491 7.8050471433221495e-17 0.76957153604365502 0
 0.76957153604365458 0.76957153604365491 0 7.805047143322147e-17 0.76957153604365491 0
 7.8050471433221519e-17 7.8050471433221495e-17 7.805047143322147e-17 0.025936855098059288 5.8211808992010356e-17 1.3946137436915718
 0.76957153604365458 0.76957153604365502 0.76957153604365491 5.8211808992010356e-17 0 0
 0 0 0 1.3946137436915718 0 0.8957770007273228


#------------------------------------------#
-Simulacion N.12
Total de iteraciones:207
Tiempo de ejecucion:0.11825
---Datos Iniciales---
# name: Y
# type: matrix
# rows: 6
# columns: 6
 2.4715316465609103 3.1061761933706102 3.1347797408296847 1.9303175314055872 3.2260876724905478 9.6590607568704385
 3.1061761933706102 6.5855945762115242 7.9904033069439357 7.9847746578320864 0.4782190996842256 4.190852743744637
 3.1347797408296847 7.9904033069439357 2.4877111626253026 7.3343673057869783 2.5900305982695895 2.3985257890239202
 1.9303175314055872 7.9847746578320864 7.3343673057869783 1.9275904905324626 4.8286466343992851 1.4412357100996864
 3.2260876724905478 0.4782190996842256 2.5900305982695895 4.8286466343992851 5.8388550986956309 7.0086548340910788
 9.6590607568704385 4.190852743744637 2.3985257890239202 1.4412357100996864 7.0086548340910788 4.4234778002958777


---Resultados---
-Norma resultado:1.0639e-10
# name: lambda_res
# type: diagonal matrix
# rows: 6
# columns: 6
-0.99999999998772848
-0.99999999996321376
-0.99999999994642375
-0.99999999994641731
1.9217138558643594
2.0782861442137417


# name: Y_res
# type: matrix
# rows: 6
# columns: 6
 0 0.035607815438295734 0.053025416315484297 0.058966516578388944 0.99937856352172705 0.999419231920468
 0.035607815438295734 2.3431783534146051e-10 0.99984801517312494 0.99972657415431498 0.00035911654910706985 0.0015323788036042303
 0.053025416315484297 0.99984801517312494 0 0.99998229611528466 0.017793129555253286 0.018966194146385056
 0.058966516578388944 0.99972657415431498 0.99998229611528466 0 0.023742282811440391 0.024915198319115588
 0.99937856352172705 0.00035911654910706985 0.017793129555253286 0.023742282811440391 0 0.99999931167365008
 0.999419231920468 0.0015323788036042303 0.018966194146385056 0.024915198319115588 0.99999931167365008 0


#------------------------------------------#
-Simulacion N.13
Total de iteraciones:219
Tiempo de ejecucion:0.12624
---Datos Iniciales---
# name: Y
# type: matrix
# rows: 6
# columns: 6
 3.7120321740652007 5.8685829756670245 7.5867161879371361 6.8364033741391843 7.3226512830849977 6.3255162574937591
 5.8685829756670245 3.3077275131429076 8.1605677525469265 8.5746023082891867 3.20721308978329 3.7695177375609421
 7.5867161879371361 8.1605677525469265 6.4750992201211419 5.7688900649390664 5.5923607151456283 4.8654066664679352
 6.8364033741391843 8.5746023082891867 5.7688900649390664 2.8162282694464889 4.6107449286071223 4.9301534167744379
 7.3226512830849977 3.20721308978329 5.5923607151456283 4.6107449286071223 6.1525160136777721 6.234853620356537
 6.3255162574937591 3.7695177375609421 4.8654066664679352 4.9301534167744379 6.234853620356537 0.23680214007289813


---Resultados---
-Norma resultado:1.0639e-10
# name: lambda_res
# type: diagonal matrix
# rows: 6
# columns: 6
-0.99999999998771649
-0.99999999996324573
-0.99999999994639754
-0.99999999994639599
1.9217138558633402
2.0782861442147049


# name: Y_res
# type: matrix
# rows: 6
# columns: 6
 0 0.077831567749697905 0.077831567742272678 0.077831567740867011 0.99699914308406712 0.99696929973302062
 0.077831567749697905 0 0.99999999994639666 0.99999999994639732 0.00042024701173745411 3.5690747698018089e-05
 0.077831567742272678 0.99999999994639666 0 0.99999999994639654 0.00042024700429008478 3.5690740250446802e-05
 0.077831567740867011 0.99999999994639732 0.99999999994639654 0 0.0004202470028795331 3.5690738840188661e-05
 0.99699914308406712 0.00042024701173745411 0.00042024700429008478 0.0004202470028795331 2.3428808309213141e-10 0.99999992615705702
 0.99696929973302062 3.5690747698018089e-05 3.5690740250446802e-05 3.5690738840188661e-05 0.99999992615705702 0


#------------------------------------------#
-Simulacion N.14
Total de iteraciones:1001
Tiempo de ejecucion:0.58984
---Datos Iniciales---
# name: Y
# type: matrix
# rows: 6
# columns: 6
 9.1917123304786728 5.8421854291035693 4.0669799213533118 7.2215457264410725 5.5511079064273865 4.8866864545923629
 5.8421854291035693 8.2283409793051216 6.9784857401808571 2.5996264182411375 1.8565315949890426 5.242483763789906
 4.0669799213533118 6.9784857401808571 4.1202612747096232 6.119239721261609 2.6292237387572119 3.3671846862680987
 7.2215457264410725 2.5996264182411375 6.119239721261609 8.7426755265701299 5.7497075905137915 3.8818730880019907
 5.5511079064273865 1.8565315949890426 2.6292237387572119 5.7497075905137915 6.6077359005062508 6.4430089366341683
 4.8866864545923629 5.242483763789906 3.3671846862680987 3.8818730880019907 6.4430089366341683 8.5269122020187194


---Resultados---
-Norma resultado:0.46086
# name: lambda_res
# type: diagonal matrix
# rows: 6
# columns: 6
-1.0000000000000004
-0.76957153604365569
-0.76957153604365469
-0.76957153604365358
1.9217138558253823
2.3087146081309631


# name: Y_res
# type: matrix
# rows: 6
# columns: 6
 0 1.3734074166668724e-16 1.1255585130920641e-17 0.7695715360436548 0.76957153604365458 0.76957153604365414
 1.3734074166668724e-16 0.92155351653443796 1.3863122364975324 4.3153207335785242e-16 0 0
 1.1255585130920641e-17 1.3863122364975324 0.00016033929094449022 2.8073246626850241e-16 4.1654892937195567e-17 0
 0.7695715360436548 4.3153207335785242e-16 2.8073246626850241e-16 0 0.76957153604365525 0.76957153604365469
 0.76957153604365458 0 4.1654892937195567e-17 0.76957153604365525 0 0.76957153604365436
 0.76957153604365414 0 0 0.76957153604365469 0.76957153604365436 0


#------------------------------------------#
-Simulacion N.15
Total de iteraciones:1001
Tiempo de ejecucion:0.56963
---Datos Iniciales---
# name: Y
# type: matrix
# rows: 6
# columns: 6
 7.7205735044600914 5.5659898906838734 7.6003207106141772 2.674666580082147 6.8214556579365855 4.4793934387617727
 5.5659898906838734 4.4057964262940761 0.90642161007431776 3.8683365630680084 7.8100505969300755 1.2927250968053243
 7.6003207106141772 0.90642161007431776 1.1658750362437753 0.57874041058346815 6.5595295650350849 5.0472297303747817
 2.674666580082147 3.8683365630680084 0.57874041058346815 9.9882307513066575 5.7649729952088009 3.7317673413124295
 6.8214556579365855 7.8100505969300755 6.5595295650350849 5.7649729952088009 7.3982435299360017 3.5049136881459599
 4.4793934387617727 1.2927250968053243 5.0472297303747817 3.7317673413124295 3.5049136881459599 3.0875880255415709


---Resultados---
-Norma resultado:0.46086
# name: lambda_res
# type: diagonal matrix
# rows: 6
# columns: 6
-0.99999999999999989
-0.76957153604365447
-0.76957153604365425
-0.76957153604365425
1.9217138558253803
2.3087146081309635


# name: Y_res
# type: matrix
# rows: 6
# columns: 6
 0 0 0.7695715360436548 0 0.7695715360436548 0.76957153604365447
 0 0.00097432204945945846 3.9431498530769242e-16 1.3865824723596312 0 0
 0.7695715360436548 3.9431498530769242e-16 0 6.293151987361062e-16 0.76957153604365436 0.76957153604365425
 0 1.3865824723596312 6.293151987361062e-16 0.92073953377592188 0 0
 0.7695715360436548 0 0.76957153604365436 0 0 0.76957153604365436
 0.76957153604365447 0 0.76957153604365425 0 0.76957153604365436 0


#------------------------------------------#
-Simulacion N.16
Total de iteraciones:222
Tiempo de ejecucion:0.12915
---Datos Iniciales---
# name: Y
# type: matrix
# rows: 6
# columns: 6
 8.4912209195981188 8.0073880896613492 4.5927474723000437 3.6140546509453899 4.3724788938514179 7.2578075958866357
 8.0073880896613492 7.5843035708394693 2.8225742395932825 2.7237868446413414 2.5692269215473256 5.5134143523708659
 4.5927474723000437 2.8225742395932825 7.8756451337403615 2.1673182057416369 3.8215041044538101 6.6042269916280727
 3.6140546509453899 2.7237868446413414 2.1673182057416369 2.0966483277218617 3.301686208040949 4.0966928352678771
 4.3724788938514179 2.5692269215473256 3.8215041044538101 3.301686208040949 4.3339404207156376 3.0378067309420134
 7.2578075958866357 5.5134143523708659 6.6042269916280727 4.0966928352678771 3.0378067309420134 7.8816066760746493


---Resultados---
-Norma resultado:1.1141e-10
# name: lambda_res
# type: diagonal matrix
# rows: 6
# columns: 6
-0.99999999998715361
-0.99999999996143629
-0.99999999994388922
-0.99999999994388766
1.9217138558642848
2.0782861442173823


# name: Y_res
# type: matrix
# rows: 6
# columns: 6
 0 0.99999998416301128 0 0.9969448928499246 0 0
 0.99999998416301128 2.4529884847264855e-10 0.0001785523041378345 0.99695882348685316 0.00017855230413822308 0.00017855230413810035
 0 0.0001785523041378345 0 0.078108133656191708 0.99999999994388911 0.999999999943889
 0.9969448928499246 0.99695882348685316 0.078108133656191708 0 0.078108133656191098 0.078108133656191375
 0 0.00017855230413822308 0.99999999994388911 0.078108133656191098 0 0.99999999994388911
 0 0.00017855230413810035 0.999999999943889 0.078108133656191375 0.99999999994388911 0


#------------------------------------------#
-Simulacion N.17
Total de iteraciones:1001
Tiempo de ejecucion:0.58897
---Datos Iniciales---
# name: Y
# type: matrix
# rows: 6
# columns: 6
 4.6409632138792176 3.1554701956938773 2.5341172553069886 5.9063023127881635 4.2113486646271774 6.9358382758794646
 3.1554701956938773 2.6939515325530605 4.374402857693692 8.3082455950405727 3.0561793619345643 4.0936877860399985
 2.5341172553069886 4.374402857693692 9.6196895784490124 2.7565082247923822 3.5882098176321908 5.3465534791722664
 5.9063023127881635 8.3082455950405727 2.7565082247923822 4.3286609622848751 4.5083412401166933 4.6615181166235979
 4.2113486646271774 3.0561793619345643 3.5882098176321908 4.5083412401166933 2.8564344786180964 5.0612740551850806
 6.9358382758794646 4.0936877860399985 5.3465534791722664 4.6615181166235979 5.0612740551850806 7.2805102262234032


---Resultados---
-Norma resultado:0.46086
# name: lambda_res
# type: diagonal matrix
# rows: 6
# columns: 6
-0.99999999999999989
-0.76957153604365502
-0.76957153604365458
-0.76957153604365425
1.9217138558253821
2.3087146081309644


# name: Y_res
# type: matrix
# rows: 6
# columns: 6
 0 0.76957153604365436 0 0.76957153604365469 0.76957153604365425 0
 0.76957153604365436 0 0 0.7695715360436548 0.76957153604365458 0
 0 0 0.92171385582538023 0 0 1.3862589425592116
 0.76957153604365469 0.7695715360436548 0 0 0.7695715360436548 0
 0.76957153604365425 0.76957153604365458 0 0.7695715360436548 0 0
 0 0 1.3862589425592116 0 0 1.67893117160458e-15


#------------------------------------------#
-Simulacion N.18
Total de iteraciones:218
Tiempo de ejecucion:0.12571
---Datos Iniciales---
# name: Y
# type: matrix
# rows: 6
# columns: 6
 4.2227155445029858 4.1275027315538955 1.35391967337122 4.5469587105570959 5.1566203139820033 3.6090795597386651
 4.1275027315538955 6.4538602431884984 8.8674773225264616 5.9401731737140464 9.0955152659515193 7.0751546696689669
 1.35391967337122 8.8674773225264616 5.8101238844171519 3.8955396855898927 8.1880013475485676 5.5054443487487088
 4.5469587105570959 5.9401731737140464 3.8955396855898927 6.3761017964243161 3.9403286293965651 4.3395021471916424
 5.1566203139820033 9.0955152659515193 8.1880013475485676 3.9403286293965651 9.1909268069920138 4.2264562718345884
 3.6090795597386651 7.0751546696689669 5.5054443487487088 4.3395021471916424 4.2264562718345884 5.2210122877938598


---Resultados---
-Norma resultado:1.1088e-10
# name: lambda_res
# type: diagonal matrix
# rows: 6
# columns: 6
-0.99999999998721378
-0.99999999996161737
-0.99999999994415578
-0.99999999994415312
1.9217138558641107
2.0782861442171678


# name: Y_res
# type: matrix
# rows: 6
# columns: 6
 0 0 0 0.99999994749706933 0 0.99695627219944938
 0 0 0.99999999994415434 0.00032436372521565699 0.99999999994415445 0.077962755501213926
 0 0.99999999994415434 0 0.00032436372521538236 0.99999999994415467 0.077962755501213926
 0.99999994749706933 0.00032436372521565699 0.00032436372521538236 2.4413925437434301e-10 0.00032436372521574752 0.9969815081842448
 0 0.99999999994415445 0.99999999994415467 0.00032436372521574752 0 0.077962755501213787
 0.99695627219944938 0.077962755501213926 0.077962755501213926 0.9969815081842448 0.077962755501213787 0


#------------------------------------------#
-Simulacion N.19
Total de iteraciones:1001
Tiempo de ejecucion:0.57199
---Datos Iniciales---
# name: Y
# type: matrix
# rows: 6
# columns: 6
 3.9480754404305207 4.1119055901429746 5.1349494218230962 2.6919027810455836 0.87802098463390044 3.3130558117533107
 4.1119055901429746 9.6450689356856039 4.7815573312047768 8.7934239125379197 4.4036187664935804 3.7110157355938931
 5.1349494218230962 4.7815573312047768 3.90608944771376 4.8820797765572044 4.253722964914032 1.5059779793056354
 2.6919027810455836 8.7934239125379197 4.8820797765572044 0.30306720266755405 2.8079804543090754 3.6958946882678205
 0.87802098463390044 4.4036187664935804 4.253722964914032 2.8079804543090754 7.4952448548191564 5.1969501807064198
 3.3130558117533107 3.7110157355938931 1.5059779793056354 3.6958946882678205 5.1969501807064198 2.3525107392888414


---Resultados---
-Norma resultado:0.46086
# name: lambda_res
# type: diagonal matrix
# rows: 6
# columns: 6
-0.99999999999999989
-0.76957153604365514
-0.76957153604365447
-0.76957153604365403
1.9217138558253817
2.3087146081309635


# name: Y_res
# type: matrix
# rows: 6
# columns: 6
 0 0.76957153604365436 0.76957153604365414 0.76957153604365458 0 0
 0.76957153604365436 0 0.76957153604365414 0.76957153604365458 0 0
 0.76957153604365414 0.76957153604365414 0 0.76957153604365425 1.0403756338548085e-16 1.2517841811123781e-16
 0.76957153604365458 0.76957153604365458 0.76957153604365425 0 0 0
 0 0 1.0403756338548085e-16 0 0.92171166245670655 1.3862596717350142
 0 0 1.2517841811123781e-16 0 1.3862596717350142 2.193368675226154e-06


#------------------------------------------#
-Simulacion N.20
Total de iteraciones:1001
Tiempo de ejecucion:0.57673
---Datos Iniciales---
# name: Y
# type: matrix
# rows: 6
# columns: 6
 2.316387932314786 3.5777016085995044 5.901644166843182 6.3959993970300495 1.5060026950211176 4.2487204443009565
 3.5777016085995044 0.91887477077462587 7.2388187231473449 3.3474538351616068 2.7135568043472218 6.7606320926424992
 5.901644166843182 7.2388187231473449 6.7359890736791002 4.4057838892039047 6.9695622350489854 1.2197277909613455
 6.3959993970300495 3.3474538351616068 4.4057838892039047 5.9915219363857606 4.3379597752396508 8.0153573312622886
 1.5060026950211176 2.7135568043472218 6.9695622350489854 4.3379597752396508 2.5734801060598156 2.6519497779301844
 4.2487204443009565 6.7606320926424992 1.2197277909613455 8.0153573312622886 2.6519497779301844 9.8002721353358897


---Resultados---
-Norma resultado:0.46086
# name: lambda_res
# type: diagonal matrix
# rows: 6
# columns: 6
-0.99999999999999967
-0.76957153604365536
-0.76957153604365469
-0.76957153604365414
1.9217138558253815
2.308714608130964


# name: Y_res
# type: matrix
# rows: 6
# columns: 6
 0 0.7695715360436548 0.76957153604365547 0 0.76957153604365414 0
 0.7695715360436548 0 0.76957153604365502 0 0.76957153604365403 0
 0.76957153604365547 0.76957153604365502 0 0 0.76957153604365458 0
 0 0 0 0.035075709699797938 8.8103321442477831e-17 1.3974309707630101
 0.76957153604365414 0.76957153604365403 0.76957153604365458 8.8103321442477831e-17 0 2.5423020436652458e-17
 0 0 0 1.3974309707630101 2.5423020436652458e-17 0.88663814612558389


#------------------------------------------#
-Simulacion N.21
Total de iteraciones:217
Tiempo de ejecucion:0.1234
---Datos Iniciales---
# name: Y
# type: matrix
# rows: 6
# columns: 6
 4.2158072007079213 3.8250890398178465 6.5455593600394693 8.5125385903399664 6.277135007475537 4.1237888131245839
 3.8250890398178465 4.5302849615275589 4.3394413086847097 4.9027717093743197 3.6607579782189292 7.8972181541495932
 6.5455593600394693 4.3394413086847097 6.6630369226142871 2.8770777595751369 4.1342338472507194 2.0087981717096692
 8.5125385903399664 4.9027717093743197 2.8770777595751369 3.9705911354570267 3.9649999408428251 6.4326267588428063
 6.277135007475537 3.6607579782189292 4.1342338472507194 3.9649999408428251 3.4717910593054646 3.9776037106637125
 4.1237888131245839 7.8972181541495932 2.0087981717096692 6.4326267588428063 3.9776037106637125 6.8436629834520692


---Resultados---
-Norma resultado:1.0755e-10
# name: lambda_res
# type: diagonal matrix
# rows: 6
# columns: 6
-0.99999999998759692
-0.99999999996276878
-0.99999999994583089
-0.99999999994582967
1.9217138558629505
2.0782861442158911


# name: Y_res
# type: matrix
# rows: 6
# columns: 6
 0 0 0.99999999994582989 0.077948527613467031 0.99999999994582967 0.00033863357474337461
 0 0 0 0.9969573847303409 0 0.9999999427635442
 0.99999999994582989 0 0 0.077948527613467017 0.99999999994583022 0.00033863357474330988
 0.077948527613467031 0.9969573847303409 0.077948527613467017 0 0.077948527613467294 0.99698372369356114
 0.99999999994582967 0 0.99999999994583022 0.077948527613467294 0 0.00033863357474320075
 0.00033863357474337461 0.9999999427635442 0.00033863357474330988 0.99698372369356114 0.00033863357474320075 2.3681603448932395e-10


#------------------------------------------#
-Simulacion N.22
Total de iteraciones:222
Tiempo de ejecucion:0.12841
---Datos Iniciales---
# name: Y
# type: matrix
# rows: 6
# columns: 6
 5.9011531343899239 4.4331511125072165 3.6582246164222609 3.5636582348189902 2.5068238740893358 4.6285832035419983
 4.4331511125072165 5.8493053227110012 5.9393599350964648 4.9220645500055022 5.6849347173855378 2.1142733028202083
 3.6582246164222609 5.9393599350964648 0.24741748902755267 7.0108839888786525 3.6100458747259854 6.838917934848399
 3.5636582348189902 4.9220645500055022 7.0108839888786525 1.6587032573187621 6.3867015728678549 5.9449774595318603
 2.5068238740893358 5.6849347173855378 3.6100458747259854 6.3867015728678549 9.9066797975749168 6.9030304029514493
 4.6285832035419983 2.1142733028202083 6.838917934848399 5.9449774595318603 6.9030304029514493 1.9183044493490287


---Resultados---
-Norma resultado:1.0811e-10
# name: lambda_res
# type: diagonal matrix
# rows: 6
# columns: 6
-0.99999999998751721
-0.99999999996264954
-0.99999999994552902
-0.99999999994552813
1.9217138558639637
2.0782861442153404


# name: Y_res
# type: matrix
# rows: 6
# columns: 6
 0 0.99999999994552868 0.99999999994552891 0.077536376233307475 0.00060050398422878772 0.00015147677870127021
 0.99999999994552868 0 0.99999999994552891 0.077536376210127128 0.0006005039609787245 0.00015147675545105582
 0.99999999994552891 0.99999999994552891 0 0.077536376208904939 0.00060050395975248675 0.00015147675422500325
 0.077536376233307475 0.077536376210127128 0.077536376208904939 0 0.99703590493938188 0.99700125718145438
 0.00060050398422878772 0.0006005039609787245 0.00060050395975248675 0.99703590493938188 2.3808049718159266e-10 0.99999989928768906
 0.00015147677870127021 0.00015147675545105582 0.00015147675422500325 0.99700125718145438 0.99999989928768906 0


#------------------------------------------#
-Simulacion N.23
Total de iteraciones:199
Tiempo de ejecucion:0.11361
---Datos Iniciales---
# name: Y
# type: matrix
# rows: 6
# columns: 6
 5.6689872814733846 6.7564255328007192 5.6297613089139604 3.2388516774512679 4.0564141610280604 4.4645297378699711
 6.7564255328007192 5.3775189404100114 6.8912043524877067 6.3778830432635472 4.4140412562065867 4.3915768624467599
 5.6297613089139604 6.8912043524877067 0.058963362748005732 2.394667978345586 4.560587705836701 8.4217793630603808
 3.2388516774512679 6.3778830432635472 2.394667978345586 6.2070971438311506 3.8536213320379775 4.8715043609954112
 4.0564141610280604 4.4140412562065867 4.560587705836701 3.8536213320379775 0.92596989966964305 6.0281409948666909
 4.4645297378699711 4.3915768624467599 8.4217793630603808 4.8715043609954112 6.0281409948666909 7.5673416536190512


---Resultados---
-Norma resultado:1.1256e-10
# name: lambda_res
# type: diagonal matrix
# rows: 6
# columns: 6
-0.99999999998699562
-0.99999999996102673
-0.99999999994333155
-0.99999999994333066
1.9217138558629256
2.0782861442194478


# name: Y_res
# type: matrix
# rows: 6
# columns: 6
 0 0.9969309301801651 0.07828614418973226 0.99693093032288815 0.078286144189732662 0.078286144189732426
 0.9969309301801651 0 0 1.0000000001045533 0 0
 0.07828614418973226 0 0 0 0.99999999994333078 0.99999999994333155
 0.99693093032288815 1.0000000001045533 0 2.4768817283052341e-10 0 0
 0.078286144189732662 0 0.99999999994333078 0 0 0.999999999943331
 0.078286144189732426 0 0.99999999994333155 0 0.999999999943331 0


#------------------------------------------#
-Simulacion N.24
Total de iteraciones:1001
Tiempo de ejecucion:0.57299
---Datos Iniciales---
# name: Y
# type: matrix
# rows: 6
# columns: 6
 8.2593537947126201 3.585091240666193 3.8169734920665479 3.595167707542831 4.2697148508623952 4.4432413493599183
 3.585091240666193 4.888599452927024 7.8084455333922254 7.0685158011771803 7.60282088760402 6.4990365837087198
