#Resultados de la simulacion de P2.
#------------------------------------------#
-Precision:eps(10^-10)
-Dimension:10
-Maximo de Iteraciones:1000
-Maximo de Simulaciones:100
-Valor de k:0.66064
# name: lambda
# type: diagonal matrix
# rows: 6
# columns: 6
-1
-1
-1
-1
1.6606370376836077
2.3393629623163923


#------------------------------------------#
-Simulacion N.1
Total de iteraciones:844
Tiempo de ejecucion:0.4884
---Datos Iniciales---
# name: Y
# type: matrix
# rows: 6
# columns: 6
 6.4035935584230579 6.7776948599871849 5.8351376145222646 0.99230318960024877 2.0370893071260228 9.0115870910188676
 6.7776948599871849 0.083504601251139787 6.3323508663072285 5.5815174752089298 7.5335918645555804 5.0112180559085857
 5.8351376145222646 6.3323508663072285 9.4193713003197459 4.9349254432026495 1.4208314897315373 5.6842803319746231
 0.99230318960024877 5.5815174752089298 4.9349254432026495 4.0852003834263222 1.085898079305387 6.7508898672098958
 2.0370893071260228 7.5335918645555804 1.4208314897315373 1.085898079305387 3.5695998600127785 4.8844386869979921
 9.0115870910188676 5.0112180559085857 5.6842803319746231 6.7508898672098958 4.8844386869979921 5.233624580998776


---Resultados---
-Norma resultado:1.1143e-10
# name: lambda_res
# type: diagonal matrix
# rows: 6
# columns: 6
-0.99999999998729228
-0.99999999995962974
-0.9999999999444682
-0.99999999994446731
1.6606370377060651
2.3393629623706169


# name: Y_res
# type: matrix
# rows: 6
# columns: 6
 0 0.99999999994446809 0 0 0.99999999994446775 0.33936296238088315
 0.99999999994446809 0 0 0 0.99999999994446764 0.33936296238088282
 0 0 2.4082427893751234e-10 1.0000000001043421 0 0.94065550544586685
 0 0 1.0000000001043421 0 0 0.94065550531704378
 0.99999999994446775 0.99999999994446764 0 0 0 0.33936296238088293
 0.33936296238088315 0.33936296238088282 0.94065550544586685 0.94065550531704378 0.33936296238088293 0


#------------------------------------------#
-Simulacion N.2
Total de iteraciones:560
Tiempo de ejecucion:0.32149
---Datos Iniciales---
# name: Y
# type: matrix
# rows: 6
# columns: 6
 6.613390625128944 4.1594689301094103 6.2393596976040779 5.0945867285121453 4.3833840095131453 1.103863737167563
 4.1594689301094103 6.9666749506202912 3.4611356781822527 6.0404851090600609 4.5749876220717418 3.3491808265652505
 6.2393596976040779 3.4611356781822527 1.4628707529028084 3.5901329265576516 2.5125844604676884 5.2859625653614053
 5.0945867285121453 6.0404851090600609 3.5901329265576516 9.4079967664933957 3.5997573174033173 5.5093244163577371
 4.3833840095131453 4.5749876220717418 2.5125844604676884 3.5997573174033173 3.8657274875952607 7.3490627326222793
 1.103863737167563 3.3491808265652505 5.2859625653614053 5.5093244163577371 7.3490627326222793 1.2093490647227989


---Resultados---
-Norma resultado:1.0994e-10
# name: lambda_res
# type: diagonal matrix
# rows: 6
# columns: 6
-0.99999999998746036
-0.99999999996016831
-0.99999999994521327
-0.99999999994521205
1.6606370377057631
2.3393629623698917


# name: Y_res
# type: matrix
# rows: 6
# columns: 6
 2.3759902768986126e-10 0.94065550544502674 1.000000000102943 0 0 0
 0.94065550544502674 0 0.94065550531792952 0.33936296238001984 0.33936296238001951 0.33936296238001973
 1.000000000102943 0.94065550531792952 0 0 0 0
 0 0.33936296238001984 0 0 0.99999999994521216 0.99999999994521227
 0 0.33936296238001951 0 0.99999999994521216 0 0.99999999994521216
 0 0.33936296238001973 0 0.99999999994521227 0.99999999994521216 0


#------------------------------------------#
-Simulacion N.3
Total de iteraciones:281
Tiempo de ejecucion:0.1617
---Datos Iniciales---
# name: Y
# type: matrix
# rows: 6
# columns: 6
 4.3222436642777504 8.6078809104134066 7.1931008291326179 6.3730004725174236 3.6538784052327622 4.0291395574854203
 8.6078809104134066 5.1698253007442831 4.2560458583350158 6.1994159068676513 3.338524555884117 6.7334282006785555
 7.1931008291326179 4.2560458583350158 7.7722848285821478 0.57702895166837853 4.4079831268518586 3.3406482840387928
 6.3730004725174236 6.1994159068676513 0.57702895166837853 1.8774191845893051 6.9058836164578796 7.3256719162267476
 3.6538784052327622 3.338524555884117 4.4079831268518586 6.9058836164578796 3.2036139065551739 7.0945400852149838
 4.0291395574854203 6.7334282006785555 3.3406482840387928 7.3256719162267476 7.0945400852149838 4.8457942485104724


---Resultados---
-Norma resultado:1.1583e-10
# name: lambda_res
# type: diagonal matrix
# rows: 6
# columns: 6
-0.9999999999867889
-0.99999999995803635
-0.99999999994227362
-0.99999999994227307
1.6606370377069515
2.3393629623727574


# name: Y_res
# type: matrix
# rows: 6
# columns: 6
 0 0.94065550531442899 1.0000000001084626 0 0 0
 0.94065550531442899 0 0.9406555054483392 0.33936296238343022 0.33936296238343056 0.33936296238343067
 1.0000000001084626 0.9406555054483392 2.5033729119110809e-10 0 0 0
 0 0.33936296238343022 0 0 0.9999999999422734 0.99999999994227362
 0 0.33936296238343056 0 0.9999999999422734 0 0.99999999994227351
 0 0.33936296238343067 0 0.99999999994227362 0.99999999994227351 0


#------------------------------------------#
-Simulacion N.4
Total de iteraciones:222
Tiempo de ejecucion:0.13039
---Datos Iniciales---
# name: Y
# type: matrix
# rows: 6
# columns: 6
 5.6231847411343914 2.1762387748070449 4.3140804383727342 2.2026432537828455 1.3605269350298972 2.4412905289608728
 2.1762387748070449 4.8507667153261931 5.5548058482948788 5.3050483162964754 2.2337171902123858 7.0011709786215217
 4.3140804383727342 5.5548058482948788 9.8100597592556102 6.0844742908991876 5.0796435207419535 5.1092762812354335
 2.2026432537828455 5.3050483162964754 6.0844742908991876 4.5648991279643569 7.306692731281121 5.2091544507333492
 1.3605269350298972 2.2337171902123858 5.0796435207419535 7.306692731281121 9.862484220233048 7.4558560286304711
 2.4412905289608728 7.0011709786215217 5.1092762812354335 5.2091544507333492 7.4558560286304711 2.8695805809349939


---Resultados---
-Norma resultado:1.151e-10
# name: lambda_res
# type: diagonal matrix
# rows: 6
# columns: 6
-0.99999999998618816
-0.99999999996008737
-0.99999999994207978
-0.99999999994207345
1.6606370377232669
2.3393629623607239


# name: Y_res
# type: matrix
# rows: 6
# columns: 6
 0 0.9999999177125859 0.99999921312923501 0.13520093913207182 0.005815367198600754 0.19694741601763105
 0.9999999177125859 0 0.99999963962052929 0.13560273989586663 0.0062208952894623011 0.19734499245373088
 0.99999921312923501 0.99999963962052929 0 0.13644375685126836 0.0070697835447570785 0.1981771337531642
 0.13520093913207182 0.13560273989586663 0.13644375685126836 0 0.99158768938571118 0.99803956311553055
 0.005815367198600754 0.0062208952894623011 0.0070697835447570785 0.99158768938571118 2.5356080492499645e-10 0.98154279644343234
 0.19694741601763105 0.19734499245373088 0.1981771337531642 0.99803956311553055 0.98154279644343234 0


#------------------------------------------#
-Simulacion N.5
Total de iteraciones:382
Tiempo de ejecucion:0.22455
---Datos Iniciales---
# name: Y
# type: matrix
# rows: 6
# columns: 6
 6.2157582866660102 3.1319276865840644 9.500815560790226 2.2867823957375673 8.907138213069949 5.7249936607089413
 3.1319276865840644 8.1482860851091274 7.2643659014664568 1.344397411768075 8.3338122870689695 3.772367119316022
 9.500815560790226 7.2643659014664568 5.768467844460055 2.4042133329619975 3.8597615073700564 4.9125992208418703
 2.2867823957375673 1.344397411768075 2.4042133329619975 9.001143363257242 4.1087649167127536 3.6826534167440794
 8.907138213069949 8.3338122870689695 3.8597615073700564 4.1087649167127536 7.0088666890775544 2.0948806881773177
 5.7249936607089413 3.772367119316022 4.9125992208418703 3.6826534167440794 2.0948806881773177 9.7478513537527931


---Resultados---
-Norma resultado:1.1621e-10
# name: lambda_res
# type: diagonal matrix
# rows: 6
# columns: 6
-0.99999999998674549
-0.99999999995789712
-0.99999999994208477
-0.99999999994208366
1.6606370377070299
2.3393629623729448


# name: Y_res
# type: matrix
# rows: 6
# columns: 6
 0 0.33936296238365121 0.33936296238365149 0.94065550544855414 0.33936296238365143 0.94065550531420206
 0.33936296238365121 0 0.99999999994208411 0 0.99999999994208411 0
 0.33936296238365149 0.99999999994208411 0 0 0.99999999994208422 0
 0.94065550544855414 0 0 2.5116312459030861e-10 0 1.0000000001088205
 0.33936296238365143 0.99999999994208411 0.99999999994208422 0 0 0
 0.94065550531420206 0 0 1.0000000001088205 0 0


#------------------------------------------#
-Simulacion N.6
Total de iteraciones:261
Tiempo de ejecucion:0.15317
---Datos Iniciales---
# name: Y
# type: matrix
# rows: 6
# columns: 6
 8.0152499180422225 8.1721946785942521 4.3683369834703747 4.9985655133252074 0.51109319355768235 7.4164430525998082
 8.1721946785942521 1.7186515508261813 3.1299773896011094 5.1171375137345736 6.7712878838654262 6.8424751743842522
 4.3683369834703747 3.1299773896011094 9.7880238626164626 7.5661677535843044 2.1912151376639133 5.6085358963726586
 4.9985655133252074 5.1171375137345736 7.5661677535843044 8.6305889755128682 5.2151163649104886 4.3219558449607565
 0.51109319355768235 6.7712878838654262 2.1912151376639133 5.2151163649104886 4.0875373695125594 4.5425585454581245
 7.4164430525998082 6.8424751743842522 5.6085358963726586 4.3219558449607565 4.5425585454581245 8.5632075595963943


---Resultados---
-Norma resultado:1.0729e-10
# name: lambda_res
# type: diagonal matrix
# rows: 6
# columns: 6
-0.99999999998776412
-0.99999999996112998
-0.99999999994653233
-0.99999999994653099
1.6606370377052291
2.3393629623686016


# name: Y_res
# type: matrix
# rows: 6
# columns: 6
 0 0.99999999994653221 0 0 0.33936296237848662 0.99999999994653188
 0.99999999994653221 0 0 0 0.33936296237848695 0.99999999994653144
 0 0 2.3187430197545888e-10 1.0000000001004636 0.94065550544354015 0
 0 0 1.0000000001004636 0 0.94065550531950559 0
 0.33936296237848662 0.33936296237848695 0.94065550544354015 0.94065550531950559 0 0.33936296237848651
 0.99999999994653188 0.99999999994653144 0 0 0.33936296237848651 0


#------------------------------------------#
-Simulacion N.7
Total de iteraciones:311
Tiempo de ejecucion:0.17933
---Datos Iniciales---
# name: Y
# type: matrix
# rows: 6
# columns: 6
 4.059199507090991 7.1298846618957317 5.3573167074089652 2.2771978618224145 6.2627392515531835 5.8597863331570021
 7.1298846618957317 7.3097591150563179 6.7068120878407314 6.1598375101020402 4.45567641900141 4.2044826649400884
 5.3573167074089652 6.7068120878407314 7.9472587135592665 3.4915192497942171 6.1020270968709287 3.7054030698272458
 2.2771978618224145 6.1598375101020402 3.4915192497942171 5.2452734999381621 6.3961780427250838 2.4167867047061127
 6.2627392515531835 4.45567641900141 6.1020270968709287 6.3961780427250838 0.18962225306526137 5.4954450580551777
 5.8597863331570021 4.2044826649400884 3.7054030698272458 2.4167867047061127 5.4954450580551777 9.2807385325266836


---Resultados---
-Norma resultado:1.1353e-10
# name: lambda_res
# type: diagonal matrix
# rows: 6
# columns: 6
-0.99999999998705213
-0.99999999995886868
-0.99999999994341882
-0.99999999994341804
1.6606370377064876
2.3393629623716388


# name: Y_res
# type: matrix
# rows: 6
# columns: 6
 0 0 0 0 0.94065550531579478 1.0000000001063107
 0 0 0.99999999994341837 0.99999999994341804 0.33936296238209995 0
 0 0.99999999994341837 0 0.99999999994341859 0.33936296238210029 0
 0 0.99999999994341804 0.99999999994341859 0 0.33936296238209995 0
 0.94065550531579478 0.33936296238209995 0.33936296238210029 0.33936296238209995 0 0.94065550544704857
 1.0000000001063107 0 0 0 0.94065550544704857 2.4536950067882049e-10


#------------------------------------------#
-Simulacion N.8
Total de iteraciones:1001
Tiempo de ejecucion:0.57234
---Datos Iniciales---
# name: Y
# type: matrix
# rows: 6
# columns: 6
 2.7906338830281063 5.7011159710539676 5.6024976236808008 6.1379588412352089 6.1079937236698125 8.8488128237168358
 5.7011159710539676 5.5827503679480142 6.5598695380638654 4.8340646245085255 5.9688021760549974 7.9759168054780876
 5.6024976236808008 6.5598695380638654 5.7721315988822628 2.0919051573593395 1.9403595023924125 5.8903856579158331
 6.1379588412352089 4.8340646245085255 2.0919051573593395 9.9786327521430138 3.2625525613012352 6.2879078129827102
 6.1079937236698125 5.9688021760549974 1.9403595023924125 3.2625525613012352 1.8713126390460522 6.8482983986479633
 8.8488128237168358 7.9759168054780876 5.8903856579158331 6.2879078129827102 6.8482983986479633 0.671071527944751


---Resultados---
-Norma resultado:0.33032
# name: lambda_res
# type: diagonal matrix
# rows: 6
# columns: 6
-1.0000000000000009
-0.83484074057909852
-0.83484074057909785
-0.83484074057909763
1.6606370376836088
2.504522221737294


# name: Y_res
# type: matrix
# rows: 6
# columns: 6
 9.170166297651694e-15 0 3.2591558302835851e-15 1.2886570675255755 0 0
 0 0 0.83484074057909785 0 0.83484074057909829 0.83484074057909807
 3.2591558302835851e-15 0.83484074057909785 0 4.2976600437851444e-15 0.83484074057909818 0.83484074057909763
 1.2886570675255755 0 4.2976600437851444e-15 0.66063703768359927 0 0
 0 0.83484074057909829 0.83484074057909818 0 0 0.83484074057909818
 0 0.83484074057909807 0.83484074057909763 0 0.83484074057909818 0


#------------------------------------------#
-Simulacion N.9
Total de iteraciones:210
Tiempo de ejecucion:0.12045
---Datos Iniciales---
# name: Y
# type: matrix
# rows: 6
# columns: 6
 5.9499792449647995 7.0347204321123877 5.2696128821080395 6.8317410600421518 4.3968817805342395 3.991342803794359
 7.0347204321123877 8.6070381140744487 5.3284385936690368 6.5941434819265812 5.7613669803256613 4.6669259948086923
 5.2696128821080395 5.3284385936690368 6.1513713627996101 1.4977812810315494 3.0566177390808003 4.9300487085177922
 6.8317410600421518 6.5941434819265812 1.4977812810315494 6.623279788594612 0.6827250585228406 6.9260871142199871
 4.3968817805342395 5.7613669803256613 3.0566177390808003 0.6827250585228406 8.8427127222804653 1.6684715961361034
 3.991342803794359 4.6669259948086923 4.9300487085177922 6.9260871142199871 1.6684715961361034 8.4146499313005876


---Resultados---
-Norma resultado:1.0781e-10
# name: lambda_res
# type: diagonal matrix
# rows: 6
# columns: 6
-0.99999999998730016
-0.99999999996204836
-0.9999999999458089
-0.99999999994545818
1.660637037713651
2.3393629623631975


# name: Y_res
# type: matrix
# rows: 6
# columns: 6
 0 0.33936296236421148 0.30405239682301333 0.95265531012430249 0.30405239682301349 0.95265531025393446
 0.33936296236421148 0 0.99930458426882085 0.037287367174326611 0.99930458426882074 0.037287367181609132
 0.30405239682301333 0.99930458426882085 0 0 0.99999999994580879 0
 0.95265531012430249 0.037287367174326611 0 0 0 1.0000000001008715
 0.30405239682301349 0.99930458426882074 0.99999999994580879 0 0 0
 0.95265531025393446 0.037287367181609132 0 1.0000000001008715 0 2.362318992158896e-10


#------------------------------------------#
-Simulacion N.10
Total de iteraciones:259
Tiempo de ejecucion:0.14819
---Datos Iniciales---
# name: Y
# type: matrix
# rows: 6
# columns: 6
 6.2274639646689351 4.4021520378844521 3.5908957152045584 6.2579155842524248 5.7300288525320138 4.7333338223699251
 4.4021520378844521 8.4395071968464439 3.1434211425186316 4.9126061063618494 6.3603954783024639 5.9531591419478023
 3.5908957152045584 3.1434211425186316 5.8203637591366881 4.0832461894133454 3.3160792611203926 1.0515365219750166
 6.2579155842524248 4.9126061063618494 4.0832461894133454 9.7723087550347039 0.78311877636664917 1.7752640036758192
 5.7300288525320138 6.3603954783024639 3.3160792611203926 0.78311877636664917 3.7283616880742168 2.7196896273111504
 4.7333338223699251 5.9531591419478023 1.0515365219750166 1.7752640036758192 2.7196896273111504 5.0571328173250363


---Resultados---
-Norma resultado:1.1309e-10
# name: lambda_res
# type: diagonal matrix
# rows: 6
# columns: 6
-0.99999999998710121
-0.99999999995902689
-0.99999999994363853
-0.99999999994363586
1.6606370377063986
2.339362962371426


# name: Y_res
# type: matrix
# rows: 6
# columns: 6
 0 0.33936296238184688 0.94065550531605457 0.94065550544680232 0.3393629623818471 0.33936296238184688
 0.33936296238184688 0 0 0 0.99999999994363686 0.99999999994363764
 0.94065550531605457 0 0 1.0000000001058997 0 0
 0.94065550544680232 0 1.0000000001058997 2.444229568801685e-10 0 0
 0.3393629623818471 0.99999999994363686 0 0 0 0.99999999994363775
 0.33936296238184688 0.99999999994363764 0 0 0.99999999994363775 0


#------------------------------------------#
-Simulacion N.11
Total de iteraciones:278
Tiempo de ejecucion:0.1586
---Datos Iniciales---
# name: Y
# type: matrix
# rows: 6
# columns: 6
 3.0528778481823138 7.0702944569035884 6.2083730612039849 2.5626656428196983 3.9199469287539062 5.4332040590183421
 7.0702944569035884 7.2233329969263904 6.5130070740810471 4.0577622334306023 5.3387772546290559 9.9020685608972787
 6.2083730612039849 6.5130070740810471 9.1154783140706002 4.7158015201801557 9.0262598955491029 6.2767869330508219
 2.5626656428196983 4.0577622334306023 4.7158015201801557 7.3383079242810725 2.2390728936706781 8.1293029140554331
 3.9199469287539062 5.3387772546290559 9.0262598955491029 2.2390728936706781 1.7789507305625141 5.6811224364302486
 5.4332040590183421 9.9020685608972787 6.2767869330508219 8.1293029140554331 5.6811224364302486 3.3291867341402446


---Resultados---
-Norma resultado:1.0849e-10
# name: lambda_res
# type: diagonal matrix
# rows: 6
# columns: 6
-0.99999999998762723
-0.99999999996069533
-0.99999999994593436
-0.99999999994593369
1.6606370377054718
2.3393629623691838


# name: Y_res
# type: matrix
# rows: 6
# columns: 6
 0 0.3393629623791799 0.99999999994593436 0 0.99999999994593336 0
 0.3393629623791799 0 0.33936296237917984 0.94065550544421395 0.33936296237917984 0.94065550531879272
 0.99999999994593436 0.33936296237917984 0 0 0.99999999994593336 0
 0 0.94065550544421395 0 2.3446611671491899e-10 0 1.0000000001015867
 0.99999999994593336 0.33936296237917984 0.99999999994593336 0 0 0
 0 0.94065550531879272 0 1.0000000001015867 0 0


#------------------------------------------#
-Simulacion N.12
Total de iteraciones:272
Tiempo de ejecucion:0.15619
---Datos Iniciales---
# name: Y
# type: matrix
# rows: 6
# columns: 6
 4.0688641412260704 3.1968884917076199 4.5128663578000694 4.1841428233911628 1.2144368500756153 2.0729668066814004
 3.1968884917076199 7.0016726313377902 2.9783908450264609 6.6298723693082859 4.0509128738729201 6.5558100732515214
 4.5128663578000694 2.9783908450264609 1.6884378192578187 6.0051495373098591 6.0447433623625244 2.9307756025292258
 4.1841428233911628 6.6298723693082859 6.0051495373098591 2.966156132039889 4.3054880634415209 6.2212785220194089
 1.2144368500756153 4.0509128738729201 6.0447433623625244 4.3054880634415209 6.6903451997100563 5.1042247489110615
 2.0729668066814004 6.5558100732515214 2.9307756025292258 6.2212785220194089 5.1042247489110615 1.7760214961758847


---Resultados---
-Norma resultado:1.1578e-10
# name: lambda_res
# type: diagonal matrix
# rows: 6
# columns: 6
-0.99999999998679734
-0.99999999995805211
-0.9999999999422986
-0.99999999994229805
1.6606370377069426
2.3393629623727374


# name: Y_res
# type: matrix
# rows: 6
# columns: 6
 0 0.99999999994229793 0 0.9999999999422986 0 0.33936296238340335
 0.99999999994229793 0 0 0.99999999994229849 0 0.33936296238340335
 0 0 0 0 1.0000000001084191 0.9406555053144563
 0.9999999999422986 0.99999999994229849 0 0 0 0.33936296238340335
 0 0 1.0000000001084191 0 2.5023463141921598e-10 0.94065550544831356
 0.33936296238340335 0.33936296238340335 0.9406555053144563 0.33936296238340335 0.94065550544831356 0


#------------------------------------------#
-Simulacion N.13
Total de iteraciones:1001
Tiempo de ejecucion:0.57309
---Datos Iniciales---
# name: Y
# type: matrix
# rows: 6
# columns: 6
 3.4235225715721485 9.4530683302248857 7.2294467893731955 2.0487849772929918 4.274318896751355 5.7631394249520662
 9.4530683302248857 1.2539738720913218 5.2690083633967024 5.386724168687266 8.4610668104096352 6.9280254660069129
 7.2294467893731955 5.2690083633967024 6.0503069022468017 6.2756326231688302 7.4774846854543036 6.4427598475125816
 2.0487849772929918 5.386724168687266 6.2756326231688302 1.6252603539344246 6.8415755762609862 5.8483072378622776
 4.274318896751355 8.4610668104096352 7.4774846854543036 6.8415755762609862 3.8368965664615304 5.910867572631191
 5.7631394249520662 6.9280254660069129 6.4427598475125816 5.8483072378622776 5.910867572631191 9.9466531912157059


---Resultados---
-Norma resultado:0.33032
# name: lambda_res
# type: diagonal matrix
# rows: 6
# columns: 6
-0.99999999999999956
-0.83484074057909796
-0.83484074057909785
-0.83484074057909774
1.6606370376836075
2.5045222217372936


# name: Y_res
# type: matrix
# rows: 6
# columns: 6
 0 0.83484074057909785 0.83484074057909796 0 0.83484074057909785 0
 0.83484074057909785 0 0.83484074057909796 0 0.83484074057909785 0
 0.83484074057909796 0.83484074057909796 0 0 0.83484074057909785 0
 0 0 0 0 1.3398488346615174e-16 1.288657067525572
 0.83484074057909785 0.83484074057909785 0.83484074057909785 1.3398488346615174e-16 0 5.420603507922457e-19
 0 0 0 1.288657067525572 5.420603507922457e-19 0.66063703768360793


#------------------------------------------#
-Simulacion N.14
Total de iteraciones:1001
Tiempo de ejecucion:0.5855
---Datos Iniciales---
# name: Y
# type: matrix
# rows: 6
# columns: 6
 5.2185229354813636 2.8113998699384268 2.5144927152694287 7.619088720197662 4.5304534752759205 5.1696945372979535
 2.8113998699384268 0.24173473143372037 7.1094874336768843 3.0453097448036819 0.95375111327075435 5.7868493653176163
 2.5144927152694287 7.1094874336768843 0.14966989067776271 1.6100028191127687 4.6407678356065585 4.6566387651039527
 7.619088720197662 3.0453097448036819 1.6100028191127687 9.9360985673120155 1.9360530894350241 4.0283946153516563
 4.5304534752759205 0.95375111327075435 4.6407678356065585 1.9360530894350241 6.953351578972832 5.3286238293132326
 5.1696945372979535 5.7868493653176163 4.6566387651039527 4.0283946153516563 5.3286238293132326 9.5301596156582686


---Resultados---
-Norma resultado:0.33032
# name: lambda_res
# type: diagonal matrix
# rows: 6
# columns: 6
-0.99999999999999933
-0.83484074057909874
-0.83484074057909774
-0.83484074057909741
1.6606370376836057
2.504522221737294


# name: Y_res
# type: matrix
# rows: 6
# columns: 6
 9.4761202419724211e-15 0 1.2650657738429779e-15 1.2886570675255746 0 0
 0 0 0.83484074057909807 2.0516111595154435e-16 0.83484074057909818 0.83484074057909785
 1.2650657738429779e-15 0.83484074057909807 0 1.4524585796228395e-15 0.83484074057909796 0.83484074057909785
 1.2886570675255746 2.0516111595154435e-16 1.4524585796228395e-15 0.66063703768359761 0 0
 0 0.83484074057909818 0.83484074057909796 0 0 0.83484074057909785
 0 0.83484074057909785 0.83484074057909785 0 0.83484074057909785 0


#------------------------------------------#
-Simulacion N.15
Total de iteraciones:290
Tiempo de ejecucion:0.16723
---Datos Iniciales---
# name: Y
# type: matrix
# rows: 6
# columns: 6
 9.6027079192418938 0.68560670464187179 4.5761760217468765 7.9296128828475858 5.0970929704031862 8.5784849532830361
 0.68560670464187179 6.208738342915467 7.3948292112893075 4.2564699742333527 5.5429523894483612 0.77811730571926807
 4.5761760217468765 7.3948292112893075 6.9331025769779853 1.8598578608249761 1.5897399335720963 3.8114989946604831
 7.9296128828475858 4.2564699742333527 1.8598578608249761 4.3230611227250808 3.5989582861895504 2.0818588444981208
 5.0970929704031862 5.5429523894483612 1.5897399335720963 3.5989582861895504 3.3459313284130787 8.4859598299109766
 8.5784849532830361 0.77811730571926807 3.8114989946604831 2.0818588444981208 8.4859598299109766 8.8892630771801819


---Resultados---
-Norma resultado:1.1219e-10
# name: lambda_res
# type: diagonal matrix
# rows: 6
# columns: 6
-0.99999999998720479
-0.99999999995935318
-0.99999999994408872
-0.99999999994408795
1.6606370377062176
2.3393629623709873


# name: Y_res
# type: matrix
# rows: 6
# columns: 6
 0 0 0 0.3393629623813243 0.99999999994408861 0.99999999994408828
 0 2.4247034238667994e-10 1.0000000001050542 0.94065550544629417 0 0
 0 1.0000000001050542 0 0.94065550531659103 0 0
 0.3393629623813243 0.94065550544629417 0.94065550531659103 0 0.33936296238132435 0.33936296238132402
 0.99999999994408861 0 0 0.33936296238132435 0 0.9999999999440885
 0.99999999994408828 0 0 0.33936296238132402 0.9999999999440885 0


#------------------------------------------#
-Simulacion N.16
Total de iteraciones:246
Tiempo de ejecucion:0.14871
---Datos Iniciales---
# name: Y
# type: matrix
# rows: 6
# columns: 6
 7.3640081793698808 2.8841851899655606 2.5668029473082505 5.2336200974480551 1.568722102568028 5.992582243980852
 2.8841851899655606 5.708960285714304 2.8539986411978813 5.0895351275458758 2.2906676821061804 2.5246304360741689
 2.5668029473082505 2.8539986411978813 0.82699556408267871 7.7481287223516251 5.0002277464877469 8.5777654021871754
 5.2336200974480551 5.0895351275458758 7.7481287223516251 3.0543058284777547 5.7153577245322502 7.9334293996774656
 1.568722102568028 2.2906676821061804 5.0002277464877469 5.7153577245322502 9.6671418622511229 8.9710190732464419
 5.992582243980852 2.5246304360741689 8.5777654021871754 7.9334293996774656 8.9710190732464419 6.1774577708284877


---Resultados---
-Norma resultado:1.1254e-10
# name: lambda_res
# type: diagonal matrix
# rows: 6
# columns: 6
-0.9999999999871656
-0.99999999995922628
-0.99999999994391331
-0.99999999994391153
1.6606370377062902
2.3393629623711587


# name: Y_res
# type: matrix
# rows: 6
# columns: 6
 2.4323162215447543e-10 1.0000000001053841 0 0.94065550544649312 0 0
 1.0000000001053841 0 0 0.94065550531638309 0 0
 0 0 0 0.33936296238152752 0.99999999994391264 0.9999999999439122
 0.94065550544649312 0.94065550531638309 0.33936296238152752 0 0.33936296238152691 0.33936296238152697
 0 0 0.99999999994391264 0.33936296238152691 0 0.99999999994391187
 0 0 0.9999999999439122 0.33936296238152697 0.99999999994391187 0


#------------------------------------------#
-Simulacion N.17
Total de iteraciones:285
Tiempo de ejecucion:0.1714
---Datos Iniciales---
# name: Y
# type: matrix
# rows: 6
# columns: 6
 0.25120064954415877 4.2610919087544232 5.6359436203957056 4.1775001693330331 2.2871170293746035 5.8266121246028906
 4.2610919087544232 5.882749883025391 3.3187711487540956 9.5159644080799062 7.1624149531900798 3.6533265468164595
 5.6359436203957056 3.3187711487540956 4.7330453086559174 8.5466377135331619 5.3652724406011059 3.366435563727372
 4.1775001693330331 9.5159644080799062 8.5466377135331619 2.4988365734138931 2.7299321790483067 7.7947508346136862
 2.2871170293746035 7.1624149531900798 5.3652724406011059 2.7299321790483067 9.528533786036542 7.3717333996261614
 5.8266121246028906 3.6533265468164595 3.366435563727372 7.7947508346136862 7.3717333996261614 2.5387256185188125


---Resultados---
-Norma resultado:1.0957e-10
# name: lambda_res
# type: diagonal matrix
# rows: 6
# columns: 6
-0.99999999998750433
-0.99999999996030164
-0.99999999994539246
-0.99999999994538979
1.6606370377056918
2.3393629623697172


# name: Y_res
# type: matrix
# rows: 6
# columns: 6
 0 0.33936296237981112 0.99999999994539224 0.9999999999453919 0 0
 0.33936296237981112 0 0.33936296237981106 0.33936296237981101 0.94065550544482657 0.94065550531814546
 0.99999999994539224 0.33936296237981106 0 0.99999999994539146 0 0
 0.9999999999453919 0.33936296237981101 0.99999999994539146 0 0 0
 0 0.94065550544482657 0 0 2.3682115563018366e-10 1.0000000001026077
 0 0.94065550531814546 0 0 1.0000000001026077 0


#------------------------------------------#
-Simulacion N.18
Total de iteraciones:358
Tiempo de ejecucion:0.21909
---Datos Iniciales---
# name: Y
# type: matrix
# rows: 6
# columns: 6
 5.3682693402687622 3.019383355607117 4.8977550090624238 8.2808492667752205 5.3835896054988641 5.8576144874706753
 3.019383355607117 5.4908352725960317 6.8404792218756398 3.1479687747750495 8.6092745613503556 4.1578454087040333
 4.8977550090624238 6.8404792218756398 5.0799016404031114 4.485342506432306 2.5757876561646742 5.8225746059357055
 8.2808492667752205 3.1479687747750495 4.485342506432306 1.099397103236458 6.0682939441965367 4.4330420541867737
 5.3835896054988641 8.6092745613503556 2.5757876561646742 6.0682939441965367 7.9111228196618804 5.2893556912597877
 5.8576144874706753 4.1578454087040333 5.8225746059357055 4.4330420541867737 5.2893556912597877 4.55129184620011


---Resultados---
-Norma resultado:1.1474e-10
# name: lambda_res
# type: diagonal matrix
# rows: 6
# columns: 6
-0.99999999998691325
-0.99999999995842848
-0.99999999994281541
-0.99999999994281374
1.6606370377067328
2.3393629623722294


# name: Y_res
# type: matrix
# rows: 6
# columns: 6
 0 0 0.33936296238280172 0.9999999999428153 0 0.99999999994281541
 0 0 0.94065550531507425 0 1.0000000001074461 0
 0.33936296238280172 0.94065550531507425 0 0.33936296238280189 0.94065550544772969 0.33936296238280161
 0.9999999999428153 0 0.33936296238280189 0 0 0.9999999999428153
 0 1.0000000001074461 0.94065550544772969 0 2.4798987393096708e-10 0
 0.99999999994281541 0 0.33936296238280161 0.9999999999428153 0 0


#------------------------------------------#
-Simulacion N.19
Total de iteraciones:274
Tiempo de ejecucion:0.15813
---Datos Iniciales---
# name: Y
# type: matrix
# rows: 6
# columns: 6
 1.976278219058728 5.3223398500723649 5.8316226939401368 2.8189884260433122 1.2933135120821404 2.8608626389258989
 5.3223398500723649 3.5628739982938908 2.1389720195710753 8.4034690306879352 5.5638448727411989 3.9519849671932903
 5.8316226939401368 2.1389720195710753 9.7888711006704963 3.3440310033241181 9.7392569444901014 7.3183610041625391
 2.8189884260433122 8.4034690306879352 3.3440310033241181 8.4193336164579105 4.9724065812895244 5.5810828026139117
 1.2933135120821404 5.5638448727411989 9.7392569444901014 4.9724065812895244 1.9041020918906548 5.9139344792115276
 2.8608626389258989 3.9519849671932903 7.3183610041625391 5.5810828026139117 5.9139344792115276 1.0196570085405832


---Resultados---
-Norma resultado:1.1562e-10
# name: lambda_res
# type: diagonal matrix
# rows: 6
# columns: 6
-0.99999999998681166
-0.99999999995810851
-0.99999999994237754
-0.99999999994237543
1.6606370377069104
2.3393629623726584


# name: Y_res
# type: matrix
# rows: 6
# columns: 6
 0 0.94065550531454922 0.33936296238331198 0.94065550544822407 0.33936296238331198 0.33936296238331209
 0.94065550531454922 0 0 1.0000000001082712 0 0
 0.33936296238331198 0 0 0 0.99999999994237565 0.99999999994237587
 0.94065550544822407 1.0000000001082712 0 2.4989554426397577e-10 0 0
 0.33936296238331198 0 0.99999999994237565 0 0 0.99999999994237565
 0.33936296238331209 0 0.99999999994237587 0 0.99999999994237565 0


#------------------------------------------#
-Simulacion N.20
Total de iteraciones:248
Tiempo de ejecucion:0.14475
---Datos Iniciales---
# name: Y
# type: matrix
# rows: 6
# columns: 6
 6.1333023589851852 9.4326864329814999 3.3965436263087385 2.1537980057890529 9.4882541264397773 5.5678482292856266
 9.4326864329814999 7.7206265999119905 6.9273090043025967 3.1932182815458448 3.5366101646547712 3.2062213001568916
 3.3965436263087385 6.9273090043025967 3.4655698389764558 3.5584357361441024 0.94925430660560917 3.889701457769668
 2.1537980057890529 3.1932182815458448 3.5584357361441024 6.3033253696344405 7.0537553876279908 3.506282088878566
 9.4882541264397773 3.5366101646547712 0.94925430660560917 7.0537553876279908 2.9983280339484764 5.799810521436795
 5.5678482292856266 3.2062213001568916 3.889701457769668 3.506282088878566 5.799810521436795 9.3373527751676715


---Resultados---
-Norma resultado:1.146e-10
# name: lambda_res
# type: diagonal matrix
# rows: 6
# columns: 6
-0.99999999998692968
-0.99999999995848055
-0.99999999994288769
-0.99999999994288691
1.6606370377067041
2.339362962372161


# name: Y_res
# type: matrix
# rows: 6
# columns: 6
 0 0.94065550544764931 0.94065550531515918 0.33936296238271924 0.33936296238271962 0.33936296238271946
 0.94065550544764931 2.4768121573360875e-10 1.0000000001073124 0 0 0
 0.94065550531515918 1.0000000001073124 0 0 0 0
 0.33936296238271924 0 0 0 0.99999999994288691 0.99999999994288735
 0.33936296238271962 0 0 0.99999999994288691 0 0.9999999999428878
 0.33936296238271946 0 0 0.99999999994288735 0.9999999999428878 0


#------------------------------------------#
-Simulacion N.21
Total de iteraciones:204
Tiempo de ejecucion:0.11919
---Datos Iniciales---
# name: Y
# type: matrix
# rows: 6
# columns: 6
 3.2882065997615983 3.6919725716824709 6.5368214489596284 4.761125051152546 8.4061533797256267 5.2034952982138183
 3.6919725716824709 4.228604744921995 3.6519522135311142 7.2435544571926629 4.6500374755845453 3.1718090957934781
 6.5368214489596284 3.6519522135311142 5.2517428259531513 4.9892346631466511 3.484981505620572 3.0229611577037918
 4.761125051152546 7.2435544571926629 4.9892346631466511 8.4330541225202058 9.0956513394983993 4.6565390618708351
 8.4061533797256267 4.6500374755845453 3.484981505620572 9.0956513394983993 7.6076992624230861 3.8486382787138846
 5.2034952982138183 3.1718090957934781 3.0229611577037918 4.6565390618708351 3.8486382787138846 3.4219790201782763


---Resultados---
-Norma resultado:1.0837e-10
# name: lambda_res
# type: diagonal matrix
# rows: 6
# columns: 6
-0.99999999998730404
-0.99999999996212385
-0.99999999994569588
-0.99999999994527888
1.6606370377211062
2.3393629623579968


# name: Y_res
# type: matrix
# rows: 6
# columns: 6
 0 0.038091789954749808 0.99927424435405998 0.046396358471081471 0.20482619409001979 0.99584954141256754
 0.038091789954749808 0 0 0.99996545552356764 0.98589018828617037 0.12888242026524988
 0.99927424435405998 0 0 0.0083119167929904085 0.16739335878119416 0.99165988203473598
 0.046396358471081471 0.99996545552356764 0.0083119167929904085 2.387015622906321e-10 0.98724749093316932 0.13712056252413651
 0.20482619409001979 0.98589018828617037 0.16739335878119416 0.98724749093316932 0 0.29306119202115338
 0.99584954141256754 0.12888242026524988 0.99165988203473598 0.13712056252413651 0.29306119202115338 0


#------------------------------------------#
-Simulacion N.22
Total de iteraciones:274
Tiempo de ejecucion:0.15869
---Datos Iniciales---
# name: Y
# type: matrix
# rows: 6
# columns: 6
 2.7951506172610827 5.0414620850914442 6.7824868456801228 7.1588477067890208 5.0421928210164504 5.5384232714905721
 5.0414620850914442 6.7886195954689796 5.2334238740661769 7.6271255114645706 2.6839277066463079 3.6567828253839956
 6.7824868456801228 5.2334238740661769 9.7773593678406439 4.5637639048675922 5.1166892047043921 1.8198049973665931
 7.1588477067890208 7.6271255114645706 4.5637639048675922 0.12666824111790098 5.4564842622898313 6.0275061856464767
 5.0421928210164504 2.6839277066463079 5.1166892047043921 5.4564842622898313 7.9594555190499774 4.5582364275274916
 5.5384232714905721 3.6567828253839956 1.8198049973665931 6.0275061856464767 4.5582364275274916 6.3979996035180466


---Resultados---
-Norma resultado:1.1633e-10
# name: lambda_res
# type: diagonal matrix
# rows: 6
# columns: 6
-0.99999999998673228
-0.99999999995785471
-0.99999999994202626
-0.9999999999420256
1.6606370377070525
2.3393629623730008


# name: Y_res
# type: matrix
# rows: 6
# columns: 6
 0 0.94065550531413189 0.9406555054486192 0.33936296238371871 0.33936296238371877 0.33936296238371877
 0.94065550531413189 0 1.0000000001089295 0 0 0
 0.9406555054486192 1.0000000001089295 2.5141347644235921e-10 0 0 0
 0.33936296238371871 0 0 0 0.99999999994202604 0.99999999994202593
 0.33936296238371877 0 0 0.99999999994202604 0 0.99999999994202571
 0.33936296238371877 0 0 0.99999999994202593 0.99999999994202571 0


#------------------------------------------#
-Simulacion N.23
Total de iteraciones:310
Tiempo de ejecucion:0.181
---Datos Iniciales---
# name: Y
# type: matrix
# rows: 6
# columns: 6
 7.8614911014132147 2.888540356903798 5.0387851766944385 4.2911635842540745 0.93767773229178786 5.7652991889945913
 2.888540356903798 7.9510930856989228 5.6709128395705921 6.3690268330976245 1.9716762926008129 2.3733435969198426
 5.0387851766944385 5.6709128395705921 5.8896528801435322 4.1843464828662125 6.6124442986850402 3.6420421862772265
 4.2911635842540745 6.3690268330976245 4.1843464828662125 6.1563216983505855 1.6514858359529545 3.7528807720540849
 0.93767773229178786 1.9716762926008129 6.6124442986850402 1.6514858359529545 0.73846409446854833 2.3732971580344806
 5.7652991889945913 2.3733435969198426 3.6420421862772265 3.7528807720540849 2.3732971580344806 0.9641702338443392


---Resultados---
-Norma resultado:1.1562e-10
# name: lambda_res
# type: diagonal matrix
# rows: 6
# columns: 6
-0.99999999998681355
-0.99999999995810995
-0.99999999994237698
-0.99999999994237576
1.6606370377069115
2.3393629623726602


# name: Y_res
# type: matrix
# rows: 6
# columns: 6
 2.4989499142860523e-10 0 0.94065550544822463 0 0 1.0000000001082712
 0 0 0.33936296238331193 0.99999999994237609 0.99999999994237621 0
 0.94065550544822463 0.33936296238331193 0 0.33936296238331187 0.33936296238331209 0.94065550531455033
 0 0.99999999994237609 0.33936296238331187 0 0.99999999994237587 0
 0 0.99999999994237621 0.33936296238331209 0.99999999994237587 0 0
 1.0000000001082712 0 0.94065550531455033 0 0 0


#------------------------------------------#
-Simulacion N.24
Total de iteraciones:258
Tiempo de ejecucion:0.14915
---Datos Iniciales---
# name: Y
# type: matrix
# rows: 6
# columns: 6
 7.9902821509817956 3.3269848937432358 8.1993164220701242 2.5390035942575553 3.0527432398896481 1.8841964082846623
 3.3269848937432358 6.0903934320485922 5.33692357614117 4.1531192214819885 5.3927867424006166 7.6517183091065437
 8.1993164220701242 5.33692357614117 9.6375164965121822 3.2498171808836096 6.9489174652146541 6.4520997900007142
 2.5390035942575553 4.1531192214819885 3.2498171808836096 9.0291513213027628 4.831114529742333 0.2732641511506112
 3.0527432398896481 5.3927867424006166 6.9489174652146541 4.831114529742333 9.604292384898935 6.8610063063981146
 1.8841964082846623 7.6517183091065437 6.4520997900007142 0.2732641511506112 6.8610063063981146 6.8589616968258369


---Resultados---
-Norma resultado:1.1106e-10
# name: lambda_res
# type: diagonal matrix
# rows: 6
# columns: 6
-0.99999999998733391
-0.9999999999597633
-0.99999999994465261
-0.9999999999446525
1.6606370377059905
2.3393629623704371


# name: Y_res
# type: matrix
# rows: 6
# columns: 6
 0 0 0.94065550531726327 1.0000000001039941 0 0
 0 0 0.33936296238066854 0 0.99999999994465205 0.99999999994465261
 0.94065550531726327 0.33936296238066854 0 0.94065550544565835 0.33936296238066888 0.33936296238066899
 1.0000000001039941 0 0.94065550544565835 2.400243833125132e-10 0 0
 0 0.99999999994465205 0.33936296238066888 0 0 0.99999999994465272
 0 0.99999999994465261 0.33936296238066899 0 0.99999999994465272 0


#------------------------------------------#
-Simulacion N.25
Total de iteraciones:1001
Tiempo de ejecucion:0.57645
---Datos Iniciales---
# name: Y
# type: matrix
# rows: 6
# columns: 6
 9.62811841851744 6.2892772650354392 3.296624802758068 1.5740018639164415 0.33398794436559187 0.58203519852245866
 6.2892772650354392 7.4746342994328536 8.289377292904943 7.1222509022733611 6.1032585197111091 3.6150376037096339
 3.296624802758068 8.289377292904943 7.8401320120791205 6.8978094828178591 3.0354843518805774 5.8685886444319069
 1.5740018639164415 7.1222509022733611 6.8978094828178591 9.2863663712753208 1.2817890053803442 6.4054872607388669
 0.33398794436559187 6.1032585197111091 3.0354843518805774 1.2817890053803442 6.4724233675689113 2.8160313592639725
 0.58203519852245866 3.6150376037096339 5.8685886444319069 6.4054872607388669 2.8160313592639725 5.268612297820936


---Resultados---
-Norma resultado:0.33032
# name: lambda_res
# type: diagonal matrix
# rows: 6
# columns: 6
-1
-0.83484074057909818
-0.83484074057909718
-0.83484074057909718
1.6606370376836075
2.5045222217372927


# name: Y_res
# type: matrix
# rows: 6
