#Resultados de la simulacion de P2.
#------------------------------------------#
-Precision:eps(10^-10)
-Dimension:10
-Maximo de Iteraciones:1000
-Maximo de Simulaciones:100
-Valor de k:0.25515
# name: lambda
# type: diagonal matrix
# rows: 6
# columns: 6
-1
-1
-1
-1
1.2551496600802867
2.7448503399197133


#------------------------------------------#
-Simulacion N.1
Total de iteraciones:208
Tiempo de ejecucion:0.12965
---Datos Iniciales---
# name: Y
# type: matrix
# rows: 6
# columns: 6
 3.3430809738957832 7.1716010545893623 6.0288007477868817 5.3504644221682955 5.3549198941330189 8.1848347644914305
 7.1716010545893623 1.9823488605157635 1.9684717083679826 5.3799797482910856 7.158706390074375 1.5907019315800286
 6.0288007477868817 1.9684717083679826 2.1828892453347382 8.8852561380268256 5.6627807056554555 7.5056258931285882
 5.3504644221682955 5.3799797482910856 8.8852561380268256 6.5301899334967661 4.340480600852171 4.8454485820373989
 5.3549198941330189 7.158706390074375 5.6627807056554555 4.340480600852171 0.97512798250474209 7.0706536221725376
 8.1848347644914305 1.5907019315800286 7.5056258931285882 4.8454485820373989 7.0706536221725376 1.8083274828596818


---Resultados---
-Norma resultado:1.0795e-10
# name: lambda_res
# type: diagonal matrix
# rows: 6
# columns: 6
-0.99999999998700428
-0.99999999996086941
-0.99999999994638877
-0.99999999994522792
1.2551496601147833
2.7448503399624169


# name: Y_res
# type: matrix
# rows: 6
# columns: 6
 0 0.95602870133239404 0.29327311864412631 0.2991596432969183 0.99331299147172869 0.55999713862785772
 0.95602870133239404 0 0 0.0061630936945765566 0.98349487084896259 0.29239815935622143
 0.29327311864412631 0 0 0.99998100805770629 0.18093600776591351 0.95629666752652576
 0.2991596432969183 0.0061630936945765566 0.99998100805770629 2.3771002832022425e-10 0.18699394249076001 0.95808058288576214
 0.99331299147172869 0.98349487084896259 0.18093600776591351 0.18699394249076001 0 0.46060059126300851
 0.55999713862785772 0.29239815935622143 0.95629666752652576 0.95808058288576214 0.46060059126300851 0


#------------------------------------------#
-Simulacion N.2
Total de iteraciones:604
Tiempo de ejecucion:0.34532
---Datos Iniciales---
# name: Y
# type: matrix
# rows: 6
# columns: 6
 1.859437224039685 9.4157432343916483 5.8863047395007371 5.1770179531225562 2.8816703748062267 6.9045491811583268
 9.4157432343916483 5.8211961534282421 5.2523680272973641 1.7084051854679938 4.5000827823149532 4.8596822474966093
 5.8863047395007371 5.2523680272973641 2.1194575490291578 5.8762838864083982 4.465833970728923 7.9105638874647708
 5.1770179531225562 1.7084051854679938 5.8762838864083982 3.180691986116182 7.1320573495307364 6.3333100187333908
 2.8816703748062267 4.5000827823149532 4.465833970728923 7.1320573495307364 0.56263879146333573 5.0332654507684955
 6.9045491811583268 4.8596822474966093 7.9105638874647708 6.3333100187333908 5.0332654507684955 3.0574246875559554


---Resultados---
-Norma resultado:1.1591e-10
# name: lambda_res
# type: diagonal matrix
# rows: 6
# columns: 6
-0.99999999999466715
-0.99999999994728839
-0.99999999994366395
-0.99999999994366207
1.2551496600816991
2.7448503399812645


# name: Y_res
# type: matrix
# rows: 6
# columns: 6
 0 1.0000000001113738 0.66723157210915041 0 0 0
 1.0000000001113738 2.336827812303672e-10 0.66723157219133511 0 0 0
 0.66723157210915041 0.66723157219133511 0 0.74485034005622419 0.74485034005622386 0.74485034005622408
 0 0 0.74485034005622419 0 0.99999999994366306 0.99999999994366351
 0 0 0.74485034005622386 0.99999999994366306 0 0.99999999994366329
 0 0 0.74485034005622408 0.99999999994366351 0.99999999994366329 0


#------------------------------------------#
-Simulacion N.3
Total de iteraciones:189
Tiempo de ejecucion:0.10962
---Datos Iniciales---
# name: Y
# type: matrix
# rows: 6
# columns: 6
 0.6458759442767148 3.3534687717665905 0.60498809826788458 7.5394480923685032 5.7258213069105839 4.0147008549854091
 3.3534687717665905 5.9264861522501358 3.3025659581764155 5.3617394320183855 5.2005157322279256 5.9702549768874267
 0.60498809826788458 3.3025659581764155 2.4797345515603531 1.5662107268586443 2.0166216819145921 9.1762699003836854
 7.5394480923685032 5.3617394320183855 1.5662107268586443 6.3228416480003347 7.7760020320620642 3.1453544897030969
 5.7258213069105839 5.2005157322279256 2.0166216819145921 7.7760020320620642 0.85815518690426029 5.6878796501391129
 4.0147008549854091 5.9702549768874267 9.1762699003836854 3.1453544897030969 5.6878796501391129 0.8191241336480759


---Resultados---
-Norma resultado:1.086e-10
# name: lambda_res
# type: diagonal matrix
# rows: 6
# columns: 6
-0.99999999998577327
-0.99999999995999433
-0.99999999994660826
-0.99999999994481148
1.2551496601110779
2.7448503399649495


# name: Y_res
# type: matrix
# rows: 6
# columns: 6
 0 0.52280549443147706 0 0.99998317597364506 0.98386602103843335 0.075440172229334634
 0.52280549443147706 0 0.85245200164355639 0.52774148347046435 0.66688004387822963 0.88946333109029441
 0 0.85245200164355639 2.3884159853116548e-10 0.005800660558019333 0.17890682643422751 0.99715032999935105
 0.99998317597364506 0.52774148347046435 0.005800660558019333 0 0.98488724627519475 0.081223033616525428
 0.98386602103843335 0.66688004387822963 0.17890682643422751 0.98488724627519475 0 0.25262002305945042
 0.075440172229334634 0.88946333109029441 0.99715032999935105 0.081223033616525428 0.25262002305945042 0


#------------------------------------------#
-Simulacion N.4
Total de iteraciones:248
Tiempo de ejecucion:0.14183
---Datos Iniciales---
# name: Y
# type: matrix
# rows: 6
# columns: 6
 0.22450288527174012 7.046307955832722 5.3973008005398544 6.1012613533953637 3.2545712351523077 3.0370619344608785
 7.046307955832722 7.277428153919308 4.6202525050738323 3.0861066651686109 2.4476708540179946 5.3522640110679198
 5.3973008005398544 4.6202525050738323 4.2364310978171416 5.9090323176061963 4.4348398360726797 2.4191644020707019
 6.1012613533953637 3.0861066651686109 5.9090323176061963 1.5932333013984756 3.7130875580718308 2.5579341647217273
 3.2545712351523077 2.4476708540179946 4.4348398360726797 3.7130875580718308 4.0616281758634907 3.2617805925920451
 3.0370619344608785 5.3522640110679198 2.4191644020707019 2.5579341647217273 3.2617805925920451 2.6861333520993025


---Resultados---
-Norma resultado:1.0805e-10
# name: lambda_res
# type: diagonal matrix
# rows: 6
# columns: 6
-0.99999999998806699
-0.9999999999591962
-0.99999999994666056
-0.99999999994387856
1.2551496601056766
2.7448503399671971


# name: Y_res
# type: matrix
# rows: 6
# columns: 6
 0 0.83699660306716039 0.66897082218069459 0.61687813189029206 0.54720808341863281 0.83699660295005485
 0.83699660306716039 2.3507107602130742e-10 0.15319274006336625 0.085640027442613231 0 1.0000000001020837
 0.66897082218069459 0.15319274006336625 0 0.99768526850691042 0.98819632881879738 0.15319274003252775
 0.61687813189029206 0.085640027442613231 0.99768526850691042 0 0.99632614418961829 0.08564002742067249
 0.54720808341863281 0 0.98819632881879738 0.99632614418961829 0 0
 0.83699660295005485 1.0000000001020837 0.15319274003252775 0.08564002742067249 0 0


#------------------------------------------#
-Simulacion N.5
Total de iteraciones:210
Tiempo de ejecucion:0.11979
---Datos Iniciales---
# name: Y
# type: matrix
# rows: 6
# columns: 6
 9.1495951964141788 4.8610622451653995 1.5744097220323543 9.3014064441302295 8.4302671283012707 3.7255237677062394
 4.8610622451653995 4.0447620144271106 4.8580345941911034 2.9168491587342618 9.1405348074313171 7.0792478555831018
 1.5744097220323543 4.8580345941911034 7.0940954339470057 4.9521945753809318 5.5402671169669429 6.4968134797052448
 9.3014064441302295 2.9168491587342618 4.9521945753809318 8.2324353673675574 8.8471089675447665 7.1636844820905443
 8.4302671283012707 9.1405348074313171 5.5402671169669429 8.8471089675447665 1.0940306428501823 2.4188621951788947
 3.7255237677062394 7.0792478555831018 6.4968134797052448 7.1636844820905443 2.4188621951788947 2.50965584716625


---Resultados---
-Norma resultado:1.1362e-10
# name: lambda_res
# type: diagonal matrix
# rows: 6
# columns: 6
-0.99999999998490063
-0.99999999995948519
-0.99999999994394073
-0.9999999999426451
1.2551496601173369
2.7448503399643505


# name: Y_res
# type: matrix
# rows: 6
# columns: 6
 2.5071545664903078e-10 0.19111168655544825 0.0033349502768826368 0.9852621407290485 0.92844843812779332 0.029118266445528243
 0.19111168655544825 0 0.98220018726343383 0.35619354811180415 0.54205198345920524 0.98671692767692909
 0.0033349502768826368 0.98220018726343383 0 0.17433605262767593 0.37455556437518578 0.99966752269093151
 0.9852621407290485 0.35619354811180415 0.17433605262767593 0 0.97830399804889756 0.19966779885031871
 0.92844843812779332 0.54205198345920524 0.37455556437518578 0.97830399804889756 0 0.39833860019823575
 0.029118266445528243 0.98671692767692909 0.99966752269093151 0.19966779885031871 0.39833860019823575 0


#------------------------------------------#
-Simulacion N.6
Total de iteraciones:216
Tiempo de ejecucion:0.12602
---Datos Iniciales---
# name: Y
# type: matrix
# rows: 6
# columns: 6
 6.6197318261624112 4.5869741368737058 4.0661493543584735 7.057861876689663 1.9711955817809801 4.4007324810354174
 4.5869741368737058 2.0829658157385955 4.1286559149230655 4.8857252370147348 5.0278935442122981 6.7586094949618296
 4.0661493543584735 4.1286559149230655 2.1472433263463397 4.3028547546328637 2.8356791315264496 5.7101489687256857
 7.057861876689663 4.8857252370147348 4.3028547546328637 9.5946575093697746 5.3478993512164834 5.014767890605663
 1.9711955817809801 5.0278935442122981 2.8356791315264496 5.3478993512164834 7.6882436989212222 4.8333889211722347
 4.4007324810354174 6.7586094949618296 5.7101489687256857 5.014767890605663 4.8333889211722347 0.47460646619042257


---Resultados---
-Norma resultado:1.055e-10
# name: lambda_res
# type: diagonal matrix
# rows: 6
# columns: 6
-0.99999999998544686
-0.99999999996276989
-0.99999999994751043
-0.99999999994685018
1.2551496601133394
2.7448503399619506


# name: Y_res
# type: matrix
# rows: 6
# columns: 6
 0 0.28141167894443664 0.99724153178088004 0.99999999981539878 0.0016738581748739316 0.39491633874783588
 0.28141167894443664 0 0.35186061726223422 0.28142727697736036 0.96005683263403441 0.99272316569728913
 0.99724153178088004 0.35186061726223422 0 0.99724273817249032 0.075893979023038544 0.46201860529693833
 0.99999999981539878 0.28142727697736036 0.99724273817249032 0 0.0016901131323385529 0.39493127242395076
 0.0016738581748739316 0.96005683263403441 0.075893979023038544 0.0016901131323385529 2.327120239933347e-10 0.91937683368904533
 0.39491633874783588 0.99272316569728913 0.46201860529693833 0.39493127242395076 0.91937683368904533 0


#------------------------------------------#
-Simulacion N.7
Total de iteraciones:223
Tiempo de ejecucion:0.12878
---Datos Iniciales---
# name: Y
# type: matrix
# rows: 6
# columns: 6
 6.279243123821697 3.1188715975452475 2.6068147247907207 6.9248788709745082 2.5735168533138326 8.8977079460485502
 3.1188715975452475 2.4148243664083435 5.3455211114864944 7.0234867430284122 5.6917583343393874 5.6053751217124859
 2.6068147247907207 5.3455211114864944 2.3975114569880427 3.4525676936504563 4.5132969441462594 5.4697943438120102
 6.9248788709745082 7.0234867430284122 3.4525676936504563 4.0860086668068076 6.2695602912589425 5.0311256779809606
 2.5735168533138326 5.6917583343393874 4.5132969441462594 6.2695602912589425 8.9181068947032358 6.5889490396034622
 8.8977079460485502 5.6053751217124859 5.4697943438120102 5.0311256779809606 6.5889490396034622 7.1684217648877437


---Resultados---
-Norma resultado:1.1216e-10
# name: lambda_res
# type: diagonal matrix
# rows: 6
# columns: 6
-0.99999999998495814
-0.99999999995891675
-0.99999999994390198
-0.99999999994348299
1.2551496601096754
2.7448503399677504


# name: Y_res
# type: matrix
# rows: 6
# columns: 6
 2.4616496496075896e-10 0.05241624469770978 0 0.82615799602890228 0 0.98895476616732703
 0.05241624469770978 0 0.99862532372239032 0.60596807402920994 0.99862532372239032 0.19985119005470542
 0 0.99862532372239032 0 0.5634385198947115 0.99999999994390121 0.14821764632080298
 0.82615799602890228 0.60596807402920994 0.5634385198947115 0 0.56343851989471194 0.90054441885042347
 0 0.99862532372239032 0.99999999994390121 0.56343851989471194 0 0.14821764632080295
 0.98895476616732703 0.19985119005470542 0.14821764632080298 0.90054441885042347 0.14821764632080295 0


#------------------------------------------#
-Simulacion N.8
Total de iteraciones:212
Tiempo de ejecucion:0.12171
---Datos Iniciales---
# name: Y
# type: matrix
# rows: 6
# columns: 6
 4.6100624918840536 5.4121008033438871 4.3078889533608979 8.0814143783334202 7.4192493547426741 2.7964320905231728
 5.4121008033438871 2.1116034614381896 4.8705231451923527 5.5985019447230968 6.5398452555793991 5.7845733766193774
 4.3078889533608979 4.8705231451923527 2.6706082556743169 2.1886325631136563 1.3330347045659547 1.4468101542909011
 8.0814143783334202 5.5985019447230968 2.1886325631136563 3.5736880494054235 8.7156486893545289 7.4810073218132533
 7.4192493547426741 6.5398452555793991 1.3330347045659547 8.7156486893545289 9.754391141574585 6.6112061558217761
 2.7964320905231728 5.7845733766193774 1.4468101542909011 7.4810073218132533 6.6112061558217761 8.4749191373328703


---Resultados---
-Norma resultado:1.1248e-10
# name: lambda_res
# type: diagonal matrix
# rows: 6
# columns: 6
-0.99999999998495781
-0.99999999995997813
-0.99999999994457622
-0.9999999999432746
1.2551496601175087
2.7448503399636119


# name: Y_res
# type: matrix
# rows: 6
# columns: 6
 0 0.9806404362774469 0.99999887132541798 0.33168284944480053 0.23092264612431523 0.0061700678201470349
 0.9806404362774469 0 0.98034513186583616 0.50999368960899605 0.4169766568482226 0.20186398546303552
 0.99999887132541798 0.98034513186583616 0 0.33026511471348108 0.2294605820687734 0.0046676790431722359
 0.33168284944480053 0.50999368960899605 0.33026511471348108 0 0.99448616813319679 0.94541949978113138
 0.23092264612431523 0.4169766568482226 0.2294605820687734 0.99448616813319679 0 0.97437840031399836
 0.0061700678201470349 0.20186398546303552 0.0046676790431722359 0.94541949978113138 0.97437840031399836 2.4833341220921247e-10


#------------------------------------------#
-Simulacion N.9
Total de iteraciones:274
Tiempo de ejecucion:0.15898
---Datos Iniciales---
# name: Y
# type: matrix
# rows: 6
# columns: 6
 1.8715749633717482 7.0069679864979717 9.555405273024661 7.8664767957275581 3.7045017243569403 5.4275176554921787
 7.0069679864979717 0.097147680066186348 1.4280465100102169 8.0572802953112728 4.0024945618409244 4.6573124809659063
 9.555405273024661 1.4280465100102169 8.9990917671005519 8.0348234367729656 5.1838226068518409 3.3428412342314742
 7.8664767957275581 8.0572802953112728 8.0348234367729656 3.4423393709255521 6.5472572819305084 5.7521347250256856
 3.7045017243569403 4.0024945618409244 5.1838226068518409 6.5472572819305084 8.093877983454659 2.8164626275353335
 5.4275176554921787 4.6573124809659063 3.3428412342314742 5.7521347250256856 2.8164626275353335 3.2332328518293227


---Resultados---
-Norma resultado:1.1099e-10
# name: lambda_res
# type: diagonal matrix
# rows: 6
# columns: 6
-0.99999999998806932
-0.99999999995677247
-0.99999999994398781
-0.99999999994398736
1.255149660100096
2.7448503399715602


# name: Y_res
# type: matrix
# rows: 6
# columns: 6
 0 0.078733572068790503 0.99689569406335998 0.78313489733987185 0.078733572068790669 0.078733572068790669
 0.078733572068790503 0 0 0.68158044674810414 0.99999999994398825 0.99999999994398769
 0.99689569406335998 0 2.3883945391704545e-10 0.73174318900882751 0 0
 0.78313489733987185 0.68158044674810414 0.73174318900882751 0 0.68158044674810425 0.68158044674810414
 0.078733572068790669 0.99999999994398825 0 0.68158044674810425 0 0.99999999994398781
 0.078733572068790669 0.99999999994398769 0 0.68158044674810414 0.99999999994398781 0


#------------------------------------------#
-Simulacion N.10
Total de iteraciones:237
Tiempo de ejecucion:0.13585
---Datos Iniciales---
# name: Y
# type: matrix
# rows: 6
# columns: 6
 4.4782558583275955 3.8032099125078602 1.7008195160022814 6.6301692920009128 7.8622843813537679 3.2840273245072193
 3.8032099125078602 8.5678676044946549 3.4476773440982154 0.3105037561477253 4.1389525959837563 4.8001252563301691
 1.7008195160022814 3.4476773440982154 0.69392725893410279 5.5626340117046018 4.9256463466624725 7.7684976986690764
 6.6301692920009128 0.3105037561477253 5.5626340117046018 2.1561485080185938 4.5531290858188775 6.8455092813612346
 7.8622843813537679 4.1389525959837563 4.9256463466624725 4.5531290858188775 7.2744131226674726 4.2469134674592901
 3.2840273245072193 4.8001252563301691 7.7684976986690764 6.8455092813612346 4.2469134674592901 8.7583821963469983


---Resultados---
-Norma resultado:1.152e-10
# name: lambda_res
# type: diagonal matrix
# rows: 6
# columns: 6
-0.99999999998411759
-0.99999999995777489
-0.99999999994224908
-0.99999999994224809
1.2551496601099097
2.7448503399694153


# name: Y_res
# type: matrix
# rows: 6
# columns: 6
 0 0.8197157471235339 0.57277054220799484 0.57277054220799495 0.91134349756692012 0.57277054220799406
 0.8197157471235339 2.5293424544495789e-10 0 0 0.98282173615096768 0
 0.57277054220799484 0 0 0.99999999994224886 0.18455740341936205 0.9999999999422492
 0.57277054220799495 0 0.99999999994224886 0 0.18455740341936158 0.99999999994224886
 0.91134349756692012 0.98282173615096768 0.18455740341936205 0.18455740341936158 0 0.18455740341936117
 0.57277054220799406 0 0.9999999999422492 0.99999999994224886 0.18455740341936117 0


#------------------------------------------#
-Simulacion N.11
Total de iteraciones:243
Tiempo de ejecucion:0.1399
---Datos Iniciales---
# name: Y
# type: matrix
# rows: 6
# columns: 6
 6.473819741335789 6.5360780423913933 8.1423944281256659 5.9790458579301813 2.2784003058523039 3.3036318095563688
 6.5360780423913933 1.0738562074948166 3.4118210059419756 3.9726121380332167 4.0058587318158221 3.3326799716578543
 8.1423944281256659 3.4118210059419756 2.5592613311537002 4.5664121562209807 5.9034026570588258 3.904192845599503
 5.9790458579301813 3.9726121380332167 4.5664121562209807 9.2762848142387586 5.7703996745990072 4.2891428353240375
 2.2784003058523039 4.0058587318158221 5.9034026570588258 5.7703996745990072 8.5907624333130688 2.9271653684574703
 3.3036318095563688 3.3326799716578543 3.904192845599503 4.2891428353240375 2.9271653684574703 9.5561859081433536


---Resultados---
-Norma resultado:1.0612e-10
# name: lambda_res
# type: diagonal matrix
# rows: 6
# columns: 6
-0.99999999998500277
-0.99999999996259248
-0.9999999999468665
-0.99999999994686495
1.2551496601127905
2.7448503399626576


# name: Y_res
# type: matrix
# rows: 6
# columns: 6
 0 0.99723644827353963 0.40693588561505656 0.40693588561320304 0.40693588561210509 0.91366605713082827
 0.99723644827353963 0 0.33794775665739774 0.33794775665548821 0.33794775665435661 0.9413386919736324
 0.40693588561505656 0.33794775665739774 0 0.9999999999468665 0.99999999994686595 0.0005147123794148014
 0.40693588561320304 0.33794775665548821 0.9999999999468665 0 0.99999999994686584 0.00051471237738588173
 0.40693588561210509 0.33794775665435661 0.99999999994686595 0.99999999994686584 0 0.0005147123761837768
 0.91366605713082827 0.9413386919736324 0.0005147123794148014 0.00051471237738588173 0.0005147123761837768 2.3412323004778507e-10


#------------------------------------------#
-Simulacion N.12
Total de iteraciones:656
Tiempo de ejecucion:0.38225
---Datos Iniciales---
# name: Y
# type: matrix
# rows: 6
# columns: 6
 7.2673358518490128 6.2943780264378706 6.6594773155221372 1.6568595359961484 5.1133874549008995 3.9741336948943431
 6.2943780264378706 0.23344817775555082 2.8105053071756094 2.5017333200255019 4.6315679900030702 5.2242206901463
 6.6594773155221372 2.8105053071756094 3.5735883927046599 3.3791646492870866 0.93916847043158835 3.1915228470983581
 1.6568595359961484 2.5017333200255019 3.3791646492870866 8.7202853254333128 2.0062628584862265 1.0786275478503122
 5.1133874549008995 4.6315679900030702 0.93916847043158835 2.0062628584862265 7.5310185478535674 6.1051561729977983
 3.9741336948943431 5.2242206901463 3.1915228470983581 1.0786275478503122 6.1051561729977983 4.2360702845686991


---Resultados---
-Norma resultado:1.1613e-10
# name: lambda_res
# type: diagonal matrix
# rows: 6
# columns: 6
-0.99999999999465783
-0.99999999994718858
-0.99999999994355815
-0.99999999994355704
1.2551496600817007
2.7448503399813795


# name: Y_res
# type: matrix
# rows: 6
# columns: 6
 0 0.7448503400564801 0.66723157210872563 0.6672315721910641 0.74485034005647988 0.74485034005648054
 0.7448503400564801 0 0 0 0.99999999994355693 0.99999999994355759
 0.66723157210872563 0 0 1.0000000001115832 0 0
 0.6672315721910641 0 1.0000000001115832 2.3412083020524857e-10 0 0
 0.74485034005647988 0.99999999994355693 0 0 0 0.99999999994355782
 0.74485034005648054 0.99999999994355759 0 0 0.99999999994355782 0


#------------------------------------------#
-Simulacion N.13
Total de iteraciones:325
Tiempo de ejecucion:0.18667
---Datos Iniciales---
# name: Y
# type: matrix
# rows: 6
# columns: 6
 9.0350604103552605 3.866942568678529 3.3507844713827222 4.9802661754103292 8.3661494818169828 8.2867837495499543
 3.866942568678529 2.1724962759291353 6.0323113511698407 7.0022644235353368 3.1175802790540219 5.6260811959596815
 3.3507844713827222 6.0323113511698407 4.485865473928353 9.0278883280396052 7.9056496054162588 5.6071613835127838
 4.9802661754103292 7.0022644235353368 9.0278883280396052 6.311003007961272 3.3505287301121522 7.2964997752590612
 8.3661494818169828 3.1175802790540219 7.9056496054162588 3.3505287301121522 8.4279409934416591 4.4582652503489264
 8.2867837495499543 5.6260811959596815 5.6071613835127838 7.2964997752590612 4.4582652503489264 2.2406684326834991


---Resultados---
-Norma resultado:1.1334e-10
# name: lambda_res
# type: diagonal matrix
# rows: 6
# columns: 6
-0.99999999999003786
-0.99999999995298006
-0.99999999994581323
-0.99999999994139122
1.2551496600913379
2.7448503399765123


# name: Y_res
# type: matrix
# rows: 6
# columns: 6
 2.3762856088748676e-10 0 0.15310670210139998 0 1.000000000107949 0.77340626618418284
 0 0 0.98820966280694245 0.99999999994581312 0 0.63391067784759614
 0.15310670210139998 0.98820966280694245 0 0.98820966280694278 0.15310670207861815 0.7448503400180011
 0 0.99999999994581312 0.98820966280694278 0 0 0.63391067784759603
 1.000000000107949 0 0.15310670207861815 0 0 0.77340626608201024
 0.77340626618418284 0.63391067784759614 0.7448503400180011 0.63391067784759603 0.77340626608201024 0


#------------------------------------------#
-Simulacion N.14
Total de iteraciones:593
Tiempo de ejecucion:0.33481
---Datos Iniciales---
# name: Y
# type: matrix
# rows: 6
# columns: 6
 6.1077823258392092 1.6718111864770315 0.81148209405897342 1.3232986056852258 7.0639315715812447 4.0087441066882796
 1.6718111864770315 2.4913991942428684 4.0091752108385066 4.8945390361585979 6.0032610792097447 2.2701890250143419
 0.81148209405897342 4.0091752108385066 1.44942547838673 3.5320817950594217 3.1413874038911604 5.0849069275587393
 1.3232986056852258 4.8945390361585979 3.5320817950594217 0.61701875188588051 1.1186701472199778 3.6252158705665369
 7.0639315715812447 6.0032610792097447 3.1413874038911604 1.1186701472199778 8.2964454976589188 5.1122617683165181
 4.0087441066882796 2.2701890250143419 5.0849069275587393 3.6252158705665369 5.1122617683165181 7.1744409186986484


---Resultados---
-Norma resultado:1.1548e-10
# name: lambda_res
# type: diagonal matrix
# rows: 6
# columns: 6
-0.99999999999468792
-0.99999999994748712
-0.99999999994387578
-0.99999999994387512
1.2551496600816943
2.7448503399810327


# name: Y_res
# type: matrix
# rows: 6
# columns: 6
 0 0 0 0 1.000000000110955 0.66723157211000583
 0 0 0.99999999994387512 0.99999999994387512 0 0.74485034005570938
 0 0.99999999994387512 0 0.99999999994387523 0 0.7448503400557096
 0 0.99999999994387512 0.99999999994387523 0 0 0.74485034005570938
 1.000000000110955 0 0 0 2.3280092281285993e-10 0.66723157219188023
 0.66723157211000583 0.74485034005570938 0.7448503400557096 0.74485034005570938 0.66723157219188023 0


#------------------------------------------#
-Simulacion N.15
Total de iteraciones:290
Tiempo de ejecucion:0.1649
---Datos Iniciales---
# name: Y
# type: matrix
# rows: 6
# columns: 6
 0.71784948851369434 4.5103160351316953 2.0586706805140449 2.4373966962799316 2.2029907133679449 8.2566376069701874
 4.5103160351316953 5.3847695362025298 4.6788602797956331 4.9392041767681514 3.5783186392214992 8.5384919395097523
 2.0586706805140449 4.6788602797956331 3.3863660874842694 3.3952234958305549 5.4070980869745648 4.0705186414673005
 2.4373966962799316 4.9392041767681514 3.3952234958305549 9.5591193532996961 4.3454614573892716 8.1525876520780862
 2.2029907133679449 3.5783186392214992 5.4070980869745648 4.3454614573892716 5.5958391789972328 4.9588166375114833
 8.2566376069701874 8.5384919395097523 4.0705186414673005 8.1525876520780862 4.9588166375114833 3.1047103423367153


---Resultados---
-Norma resultado:1.0884e-10
# name: lambda_res
# type: diagonal matrix
# rows: 6
# columns: 6
-0.99999999998964972
-0.99999999995762012
-0.99999999994615851
-0.99999999994299649
1.2551496600993615
2.744850339970585


# name: Y_res
# type: matrix
# rows: 6
# columns: 6
 0 0.68790890813659777 0.014079530047568751 0.99990087844982556 0.014079530056545398 0.99786496911000888
 0.68790890813659777 0 0.73541052568259735 0.67762184042473372 0.73541052578199506 0.73384260141593327
 0.014079530047568751 0.73541052568259735 0 0 1.0000000001049667 0.079353816924103204
 0.99990087844982556 0.67762184042473372 0 0 0 0.9968465135754101
 0.014079530056545398 0.73541052578199506 1.0000000001049667 0 2.3352214162979903e-10 0.079353816941449148
 0.99786496911000888 0.73384260141593327 0.079353816924103204 0.9968465135754101 0.079353816941449148 0


#------------------------------------------#
-Simulacion N.16
Total de iteraciones:232
Tiempo de ejecucion:0.16423
---Datos Iniciales---
# name: Y
# type: matrix
# rows: 6
# columns: 6
 7.2608656787628973 1.3303265732419201 3.8552782480488963 1.7058633275320501 5.9408642104597558 5.5451859728077535
 1.3303265732419201 8.8949509575626156 9.2008920173922206 7.885846904052026 5.0225553563753991 1.8631666000918874
 3.8552782480488963 9.2008920173922206 0.67540296775142727 3.2459573077285837 5.5049201707085293 7.1737584162120447
 1.7058633275320501 7.885846904052026 3.2459573077285837 9.3783658394513996 4.119173732329636 4.7823516586921366
 5.9408642104597558 5.0225553563753991 5.5049201707085293 4.119173732329636 9.2862258849559254 1.3017540242634689
 5.5451859728077535 1.8631666000918874 7.1737584162120447 4.7823516586921366 1.3017540242634689 2.7674045835631009


---Resultados---
-Norma resultado:1.1315e-10
# name: lambda_res
# type: diagonal matrix
# rows: 6
# columns: 6
-0.99999999998691602
-0.99999999995791677
-0.999999999943889
-0.99999999994171895
1.2551496601097016
2.7448503399680355


# name: Y_res
# type: matrix
# rows: 6
# columns: 6
 0 0.0019537227471498474 0.47973835189526931 0 0.98837887920206291 0.98865217683272022
 0.0019537227471498474 2.4729708725911763e-10 0.87834720005750599 0.99999809158805086 0.15394122467305893 0.15215401062377235
 0.47973835189526931 0.87834720005750599 0 0.87741159875381802 0.60753902732081633 0.60610154485390932
 0 0.99999809158805086 0.87741159875381802 0 0.15201049645696094 0.15022274504816996
 0.98837887920206291 0.15394122467305893 0.60753902732081633 0.15201049645696094 0 0.99999836457054125
 0.98865217683272022 0.15215401062377235 0.60610154485390932 0.15022274504816996 0.99999836457054125 0


#------------------------------------------#
-Simulacion N.17
Total de iteraciones:202
Tiempo de ejecucion:0.12768
---Datos Iniciales---
# name: Y
# type: matrix
# rows: 6
# columns: 6
 2.421011870198797 5.8854784568232947 5.184668272986193 5.7252751821320356 5.3686640855799723 5.3134950105041803
 5.8854784568232947 6.9113231214639361 7.2621091374531055 2.3224173882175907 4.4745715244809627 7.1709606986915588
 5.184668272986193 7.2621091374531055 1.8824552780261083 3.4805778517141781 3.5195187382477586 5.3667018111218372
 5.7252751821320356 2.3224173882175907 3.4805778517141781 4.2692715154996295 4.5852380835954074 2.5016393087501996
 5.3686640855799723 4.4745715244809627 3.5195187382477586 4.5852380835954074 0.93449696875874233 2.8595438029892142
 5.3134950105041803 7.1709606986915588 5.3667018111218372 2.5016393087501996 2.8595438029892142 6.9237166464871622


---Resultados---
-Norma resultado:1.1045e-10
# name: lambda_res
# type: diagonal matrix
# rows: 6
# columns: 6
-0.99999999998530631
-0.99999999995979094
-0.9999999999460023
-0.99999999994435662
1.255149660116085
2.7448503399632882


# name: Y_res
# type: matrix
# rows: 6
# columns: 6
 0 0.41747990975715155 0.62476219549872891 0.91035902274364133 0.95221430606560431 0.41411405905615051
 0.41747990975715155 0 0.9703415220873417 0.0040246943941360793 0.11998969066680729 0.99999315144956846
 0.62476219549872891 0.9703415220873417 0 0.24564151454062055 0.35642259857658964 0.96944021869572494
 0.91035902274364133 0.0040246943941360793 0.24564151454062055 2.4391820052697073e-10 0.99325001908664767 0.00032375827982927011
 0.95221430606560431 0.11998969066680729 0.35642259857658964 0.99325001908664767 0 0.11631466916387595
 0.41411405905615051 0.99999315144956846 0.96944021869572494 0.00032375827982927011 0.11631466916387595 0


#------------------------------------------#
-Simulacion N.18
Total de iteraciones:374
Tiempo de ejecucion:0.21755
---Datos Iniciales---
# name: Y
# type: matrix
# rows: 6
# columns: 6
 5.7992394812732639 2.9043884183933399 7.2808047455353044 7.4209875193887633 6.1013275700121312 4.0216857948614715
 2.9043884183933399 7.6661989623278739 5.8545581796690076 3.6511857940134806 2.9251312958362021 6.6223211146731771
 7.2808047455353044 5.8545581796690076 2.2726304850792967 2.7972718448731531 5.2134116410796425 4.4355203289141221
 7.4209875193887633 3.6511857940134806 2.7972718448731531 1.7248837184782928 3.680549083619244 5.3673843544668962
 6.1013275700121312 2.9251312958362021 5.2134116410796425 3.680549083619244 1.6029428557739345 2.6881496860752532
 4.0216857948614715 6.6223211146731771 4.4355203289141221 5.3673843544668962 2.6881496860752532 5.2445692386850427


---Resultados---
-Norma resultado:1.1511e-10
# name: lambda_res
# type: diagonal matrix
# rows: 6
# columns: 6
-0.99999999999121869
-0.99999999995245881
-0.99999999994309963
-0.9999999999411866
1.255149660090662
2.7448503399776469


# name: Y_res
# type: matrix
# rows: 6
# columns: 6
 0 0 0.69135672274760451 0.99704116587423308 0.99999999994309929 0
 0 2.4034438596490609e-10 0.72251358599766358 0.076869457129610505 0 1.0000000001108329
 0.69135672274760451 0.72251358599766358 0 0.74485034003924788 0.69135672274760451 0.72251358590246406
 0.99704116587423308 0.076869457129610505 0.74485034003924788 0 0.9970411658742333 0.076869457117309831
 0.99999999994309929 0 0.69135672274760451 0.9970411658742333 0 0
 0 1.0000000001108329 0.72251358590246406 0.076869457117309831 0 0


#------------------------------------------#
-Simulacion N.19
Total de iteraciones:630
Tiempo de ejecucion:0.36245
---Datos Iniciales---
# name: Y
# type: matrix
# rows: 6
# columns: 6
 7.3894086970594186 6.385743282544901 2.6847031687270402 2.5825925051465211 7.2743023010653616 4.3378311712961999
 6.385743282544901 9.7259188875166451 8.2886504066255178 1.5173543273069559 5.0141033942392692 5.3164630033379945
 2.6847031687270402 8.2886504066255178 9.2430939022291376 3.7693868761027365 3.3279212790706012 3.5686837834834226
 2.5825925051465211 1.5173543273069559 3.7693868761027365 1.0110896104690481 3.8161025759913771 5.7972212390124378
 7.2743023010653616 5.0141033942392692 3.3279212790706012 3.8161025759913771 2.7030406929273996 0.3531643507114518
 4.3378311712961999 5.3164630033379945 3.5686837834834226 5.7972212390124378 0.3531643507114518 6.7867389723749385


---Resultados---
-Norma resultado:1.1574e-10
# name: lambda_res
# type: diagonal matrix
# rows: 6
# columns: 6
-0.99999999999467615
-0.99999999994736699
-0.99999999994374722
-0.99999999994374611
1.2551496600816989
2.7448503399811761


# name: Y_res
# type: matrix
# rows: 6
# columns: 6
 2.3333903964596076e-10 0 0 0.66723157219154805 1.0000000001112106 0
 0 0 0.99999999994374589 0.74485034005602357 0 0.999999999943746
 0 0.99999999994374589 0 0.74485034005602357 0 0.99999999994374622
 0.66723157219154805 0.74485034005602357 0.74485034005602357 0 0.66723157210948503 0.74485034005602313
 1.0000000001112106 0 0 0.66723157210948503 0 0
 0 0.999999999943746 0.99999999994374622 0.74485034005602313 0 0


#------------------------------------------#
-Simulacion N.20
Total de iteraciones:297
Tiempo de ejecucion:0.16956
---Datos Iniciales---
# name: Y
# type: matrix
# rows: 6
# columns: 6
 7.2122145961658255 8.5041016593458796 5.6460257076314013 4.0129071079242804 3.6843085196331531 4.541693107866644
 8.5041016593458796 8.4789855941813599 5.8592535376298436 5.8593383375548784 4.9181865265707554 6.1652173303784839
 5.6460257076314013 5.8592535376298436 2.2313438636616945 5.4610045949248622 5.8730984455127198 5.0124800619018073
 4.0129071079242804 5.8593383375548784 5.4610045949248622 4.0251434608066807 3.8722513191612991 5.3356829616666142
 3.6843085196331531 4.9181865265707554 5.8730984455127198 3.8722513191612991 3.2327689483963553 2.0465505606631273
 4.541693107866644 6.1652173303784839 5.0124800619018073 5.3356829616666142 2.0465505606631273 5.5177556411520694


---Resultados---
-Norma resultado:1.1196e-10
# name: lambda_res
# type: diagonal matrix
# rows: 6
# columns: 6
-0.99999999998885725
-0.99999999995339772
-0.99999999994806044
-0.99999999994152555
1.2551496600928456
2.744850339975236


# name: Y_res
# type: matrix
# rows: 6
# columns: 6
 2.3624238831909077e-10 1.0000000001055829 0.21859452984329594 0 0.81391530531805056 0
 1.0000000001055829 0 0.21859452981125566 0 0.81391530520963196 0
 0.21859452984329594 0.21859452981125566 0 0.9758157774005185 0.74485033999824979 0.97581577740051817
 0 0 0.9758157774005185 0 0.58098354180728939 0.99999999994806055
 0.81391530531805056 0.81391530520963196 0.74485033999824979 0.58098354180728939 0 0.58098354180728895
 0 0 0.97581577740051817 0.99999999994806055 0.58098354180728895 0


#------------------------------------------#
-Simulacion N.21
Total de iteraciones:225
Tiempo de ejecucion:0.12834
---Datos Iniciales---
# name: Y
# type: matrix
# rows: 6
# columns: 6
 9.404854586823129 6.3096802671711156 6.9744167197119813 7.3398228808529433 3.0463953614223316 4.0944614693289685
 6.3096802671711156 0.42256431038566911 2.1768451839779752 3.8811192393442369 5.5609663823170346 5.1323887168664273
 6.9744167197119813 2.1768451839779752 5.4750949218406895 4.9373985566834122 1.2519179507215741 2.8009953819664979
 7.3398228808529433 3.8811192393442369 4.9373985566834122 3.5185208926322211 2.2370565659162307 6.9594429748982352
 3.0463953614223316 5.5609663823170346 1.2519179507215741 2.2370565659162307 2.4007992866213645 5.5382052534661286
 4.0944614693289685 5.1323887168664273 2.8009953819664979 6.9594429748982352 5.5382052534661286 4.2012080978505741


---Resultados---
-Norma resultado:1.1407e-10
# name: lambda_res
# type: diagonal matrix
# rows: 6
# columns: 6
-0.99999999998627032
-0.99999999995809952
-0.99999999994365973
-0.99999999994166289
1.255149660114022
2.7448503399663324


# name: Y_res
# type: matrix
# rows: 6
# columns: 6
 2.5066272735750159e-10 0.26679057903668624 0.99237348217787336 0.92757044076049244 0.12326748185303241 0.14096735847022696
 0.26679057903668624 0 0.14595630229481735 0.60757232817684348 0.98929103791762041 0.99173947213445934
 0.99237348217787336 0.14595630229481735 0 0.87443761878793347 0 0.017855705485246322
 0.92757044076049244 0.60757232817684348 0.87443761878793347 0 0.48513797084747623 0.50067432792274458
 0.12326748185303241 0.98929103791762041 0 0.48513797084747623 0 0.9998405741260048
 0.14096735847022696 0.99173947213445934 0.017855705485246322 0.50067432792274458 0.9998405741260048 0


#------------------------------------------#
-Simulacion N.22
Total de iteraciones:255
Tiempo de ejecucion:0.14524
---Datos Iniciales---
# name: Y
# type: matrix
# rows: 6
# columns: 6
 5.5439957278866823 0.76224437774064013 2.6475439708206845 2.7932328501821075 4.2165013535473976 6.1484172069294116
 0.76224437774064013 8.3165945060504551 6.5897470365970072 3.7770013618121241 4.5580054602172773 4.672503559849627
 2.6475439708206845 6.5897470365970072 6.2885061489174685 0.45870680376227213 7.5097599485984459 5.8439755880931763
 2.7932328501821075 3.7770013618121241 0.45870680376227213 6.7937802022212912 5.722036584411291 6.5780320943486714
 4.2165013535473976 4.5580054602172773 7.5097599485984459 5.722036584411291 3.6996308350569072 4.9476383229665117
 6.1484172069294116 4.672503559849627 5.8439755880931763 6.5780320943486714 4.9476383229665117 6.072925811243449


---Resultados---
-Norma resultado:1.1329e-10
# name: lambda_res
# type: diagonal matrix
# rows: 6
# columns: 6
-0.99999999998704547
-0.9999999999527619
-0.999999999949023
-0.99999999994033828
1.2551496600970289
2.7448503399742981


# name: Y_res
# type: matrix
# rows: 6
# columns: 6
 0 0 0 0.999999999949023 0.51197387348717605 0.95449651501995247
 0 2.4215842999180745e-10 1.0000000001056524 0 0.85900102035798287 0.29822206948308932
 0 1.0000000001056524 0 0 0.85900102023842773 0.29822206943809959
 0.999999999949023 0 0 0 0.51197387348717593 0.95449651501995236
 0.51197387348717605 0.85900102035798287 0.85900102023842773 0.51197387348717593 0 0.74485033997329742
 0.95449651501995247 0.29822206948308932 0.29822206943809959 0.95449651501995236 0.74485033997329742 0


#------------------------------------------#
-Simulacion N.23
Total de iteraciones:219
Tiempo de ejecucion:0.12598
---Datos Iniciales---
# name: Y
# type: matrix
# rows: 6
# columns: 6
 9.2534110498571369 5.7664864669231628 5.5876199137178082 2.5730157870800552 6.4231826507046605 6.6698946307308598
 5.7664864669231628 7.0662647179864884 1.3700705736630909 4.7592623954126747 4.9989952219103291 3.9471911238009918
 5.5876199137178082 1.3700705736630909 4.9966091093507261 5.9059473505961044 5.2310743340783876 8.0670564819773105
 2.5730157870800552 4.7592623954126747 5.9059473505961044 1.8338116010301631 6.7075955000980736 8.4662728678848787
 6.4231826507046605 4.9989952219103291 5.2310743340783876 6.7075955000980736 9.2927292478076726 3.8720142934121853
 6.6698946307308598 3.9471911238009918 8.0670564819773105 8.4662728678848787 3.8720142934121853 8.5754284647342729


---Resultados---
-Norma resultado:1.0724e-10
# name: lambda_res
# type: diagonal matrix
# rows: 6
# columns: 6
-0.99999999998719291
-0.99999999996138766
-0.9999999999466691
-0.99999999994586697
1.2551496601165262
2.7448503399610242


# name: Y_res
# type: matrix
# rows: 6
# columns: 6
 0 0.9459296763865197 0.32437177316010252 0.53346767210735324 0.99089932254167912 0.34147960052075721
 0.9459296763865197 0 0 0.23026262156546293 0.98098316995798296 0.018142166062226732
 0.32437177316010252 0 0 0.97312852441466413 0.19409281324237404 0.99983541746066296
 0.53346767210735324 0.23026262156546293 0.97312852441466413 0 0.41476100940075022 0.9771458272080179
 0.99089932254167912 0.98098316995798296 0.19409281324237404 0.41476100940075022 0 0.21185802854176766
 0.34147960052075721 0.018142166062226732 0.99983541746066296 0.9771458272080179 0.21185802854176766 2.3643403966155283e-10


#------------------------------------------#
-Simulacion N.24
Total de iteraciones:275
Tiempo de ejecucion:0.15975
---Datos Iniciales---
# name: Y
# type: matrix
# rows: 6
# columns: 6
