#Resultados de la simulacion de P2.
#------------------------------------------#
-Precision:eps(10^-10)
-Dimension:3
-Maximo de Iteraciones:1000
-Maximo de Simulaciones:100
#------------------------------------------#
-Simulacion N.1
Total de iteraciones:1001
Tiempo de ejecucion:0.16455
---Datos Iniciales---
# name: lambda
# type: matrix
# rows: 3
# columns: 1
 -4.7418671462033846
 -0.96801299735077606
 1.5530046323459743


# name: Y
# type: matrix
# rows: 3
# columns: 3
 1.7057048121493956 5.3973932665496971 8.2468794960416663
 5.3973932665496971 3.3016647713800875 8.6346167044687512
 8.2468794960416663 8.6346167044687512 2.4396606820984204


---Resultados---
-Norma resultado:2.4539
# name: lambda_res
# type: diagonal matrix
# rows: 3
# columns: 3
-3.1474358892746785
0
3.1474358892746785


# name: Y_res
# type: matrix
# rows: 3
# columns: 3
 0 0 2.3238318052049314
 0 0 2.1227714003661058
 2.3238318052049314 2.1227714003661058 0


#------------------------------------------#
-Simulacion N.2
Total de iteraciones:1001
Tiempo de ejecucion:0.15925
---Datos Iniciales---
# name: lambda
# type: matrix
# rows: 3
# columns: 1
 -3.9468792522567782
 -3.8926816079092896
 5.6321608621782744


# name: Y
# type: matrix
# rows: 3
# columns: 3
 9.0246931362559977 4.8760922709541195 7.403290444844326
 4.8760922709541195 9.3244742717658653 5.8793837923020735
 7.403290444844326 5.8793837923020735 2.967210571828971


---Resultados---
-Norma resultado:1.2744
# name: lambda_res
# type: diagonal matrix
# rows: 3
# columns: 3
-3.2110792529275147
-3.1568816085800258
6.3679608615075391


# name: Y_res
# type: matrix
# rows: 3
# columns: 3
 0 3.2105779943032218 3.1751332673617476
 3.2105779943032218 0 3.1661721642103888
 3.1751332673617476 3.1661721642103888 0


#------------------------------------------#
-Simulacion N.3
Total de iteraciones:90
Tiempo de ejecucion:0.015051
---Datos Iniciales---
# name: lambda
# type: matrix
# rows: 3
# columns: 1
 3.3059365327689409
 7.8467773639564484
 8.1444103231523997


# name: Y
# type: matrix
# rows: 3
# columns: 3
 3.9252294647300623 7.5562344770580365 6.6223028698938338
 7.5562344770580365 1.18812271644962 6.5126709150566198
 6.6223028698938338 6.5126709150566198 1.016409939813806


---Resultados---
-Norma resultado:1.1074e-10
# name: lambda_res
# type: diagonal matrix
# rows: 3
# columns: 3
3.305936532773313
7.8467773638853977
8.1444103232190788


# name: Y_res
# type: matrix
# rows: 3
# columns: 3
 7.9730391371302893 0.31322694361105119 0
 0.31322694361105119 4.3803384500832907 1.9575486348408071
 0 1.9575486348408071 6.9437466326642081


#------------------------------------------#
-Simulacion N.4
Total de iteraciones:1
Tiempo de ejecucion:0.0011771
---Datos Iniciales---
# name: lambda
# type: matrix
# rows: 3
# columns: 1
 -4.8044645078265624
 -0.97163748232469516
 7.6490606704820436


# name: Y
# type: matrix
# rows: 3
# columns: 3
 2.527077252495431 9.2579052411369034 4.0177996562547644
 9.2579052411369034 2.0833592324973802 4.8183152968010754
 4.0177996562547644 4.8183152968010754 4.2680837181345774


---Resultados---
-Norma resultado:0
# name: lambda_res
# type: diagonal matrix
# rows: 3
# columns: 3
-4.8044645078265606
-0.97163748232469593
7.6490606704820436


# name: Y_res
# type: matrix
# rows: 3
# columns: 3
 0.46725724628257875 5.143287077379286 2.438723894409597
 5.143287077379286 0.25749686431886631 2.8399408140356979
 2.438723894409597 2.8399408140356979 1.1482045697293424


#------------------------------------------#
-Simulacion N.5
Total de iteraciones:55
Tiempo de ejecucion:0.0089948
---Datos Iniciales---
# name: lambda
# type: matrix
# rows: 3
# columns: 1
 -4.5714027678697766
 -1.2713274155337935
 7.1309129860302036


# name: Y
# type: matrix
# rows: 3
# columns: 3
 2.9972176375833817 5.2601983231254579 3.425447365573925
 5.2601983231254579 4.8955611604436022 1.9156871687936377
 3.425447365573925 1.9156871687936377 3.1844362836349371


---Resultados---
-Norma resultado:8.3633e-11
# name: lambda_res
# type: diagonal matrix
# rows: 3
# columns: 3
-4.5714027678291762
-1.2713274154900607
7.1309129860640326


# name: Y_res
# type: matrix
# rows: 3
# columns: 3
 0 4.782915384416226 3.1141274589519834
 4.782915384416226 1.2881828027447977 1.8105748996456672
 3.1141274589519834 1.8105748996456672 0


#------------------------------------------#
-Simulacion N.6
Total de iteraciones:1001
Tiempo de ejecucion:0.15856
---Datos Iniciales---
# name: lambda
# type: matrix
# rows: 3
# columns: 1
 -2.325333655376447
 -0.14503137724862825
 0.75806798063899805


# name: Y
# type: matrix
# rows: 3
# columns: 3
 6.9881510327332084 2.1939424256190798 5.3217751755475877
 2.1939424256190798 7.9066608919820123 1.6289028483941759
 5.3217751755475877 1.6289028483941759 3.6533186514880764


---Resultados---
-Norma resultado:1.1177
# name: lambda_res
# type: diagonal matrix
# rows: 3
# columns: 3
-1.5417008180077227
4.5870231999990279e-19
1.5417008180077227


# name: Y_res
# type: matrix
# rows: 3
# columns: 3
 0 0.18616913532500851 1.5304190489202685
 0.18616913532500851 0 0
 1.5304190489202685 0 0


#------------------------------------------#
-Simulacion N.7
Total de iteraciones:1001
Tiempo de ejecucion:0.15893
---Datos Iniciales---
# name: lambda
# type: matrix
# rows: 3
# columns: 1
 -9.8305738570423848
 -4.6974216871031942
 3.3054911644858347


# name: Y
# type: matrix
# rows: 3
# columns: 3
 1.3818524076375938 5.4673100644703148 7.0996397104088524
 5.4673100644703148 5.1498455390013289 7.7169413510363771
 7.0996397104088524 7.7169413510363771 0.18570569495614642


---Resultados---
-Norma resultado:6.4793
# name: lambda_res
# type: diagonal matrix
# rows: 3
# columns: 3
-6.0897390638224671
-0.95658689388328266
7.0463259577057489


# name: Y_res
# type: matrix
# rows: 3
# columns: 3
 0 0.95939962055968264 4.8019311152634421
 0.95939962055968264 0 4.4549247871261501
 4.8019311152634421 4.4549247871261501 0


#------------------------------------------#
-Simulacion N.8
Total de iteraciones:1001
Tiempo de ejecucion:0.15844
---Datos Iniciales---
# name: lambda
# type: matrix
# rows: 3
# columns: 1
 -8.6651952484375254
 -7.2194592983244306
 -4.6296558508114494


# name: Y
# type: matrix
# rows: 3
# columns: 3
 4.9124032156204853 2.1901708787083796 4.5624742651207031
 2.1901708787083796 9.1014405231753805 8.8899113453114431
 4.5624742651207031 8.8899113453114431 4.5406497569727122


---Resultados---
-Norma resultado:11.8439
# name: lambda_res
# type: diagonal matrix
# rows: 3
# columns: 3
-1.827091782579725
-0.38135583246662813
2.208447615046353


# name: Y_res
# type: matrix
# rows: 3
# columns: 3
 0 0.4706272889252805 0.92917483186154692
 0.4706272889252805 0 1.7594353774490279
 0.92917483186154692 1.7594353774490279 0


#------------------------------------------#
-Simulacion N.9
Total de iteraciones:1001
Tiempo de ejecucion:0.16404
---Datos Iniciales---
# name: lambda
# type: matrix
# rows: 3
# columns: 1
 -9.4047293789238182
 -7.3148513763524559
 5.7642673842801173


# name: Y
# type: matrix
# rows: 3
# columns: 3
 2.3423459244745146 6.3747141462988175 3.9560426722007418
 6.3747141462988175 2.5730318789749651 3.1964947426539081
 3.9560426722007418 3.1964947426539081 7.6693794401515971


---Resultados---
-Norma resultado:6.3251
# name: lambda_res
# type: diagonal matrix
# rows: 3
# columns: 3
-5.7529582552584291
-3.6630802526870703
9.4160385079454993


# name: Y_res
# type: matrix
# rows: 3
# columns: 3
 0 4.9490723945328314 5.4265264510888391
 4.9490723945328314 0 3.6942829497818019
 5.4265264510888391 3.6942829497818019 0


#------------------------------------------#
-Simulacion N.10
Total de iteraciones:24
Tiempo de ejecucion:0.0039802
---Datos Iniciales---
# name: lambda
# type: matrix
# rows: 3
# columns: 1
 -1.7615415058987711
 4.3302420127574326
 5.34456788561336


