#Resultados de la simulacion de P2.
#------------------------------------------#
-Precision:eps(10^-10)
-Dimension:5
-Maximo de Iteraciones:1000
-Maximo de Simulaciones:100
#------------------------------------------#
-Simulacion N.1
Total de iteraciones:1001
Tiempo de ejecucion:0.35953
---Datos Iniciales---
# name: lambda
# type: matrix
# rows: 5
# columns: 1
 -9.7072292760492989
 -9.5195977038488095
 -9.2725113311568599
 -8.8660697022427684
 -1.2923554175641723


# name: Y
# type: matrix
# rows: 5
# columns: 5
 2.5984807096941323 7.974292273333548 4.0733537645810793 7.2017844791590537 6.6053959560240125
 7.974292273333548 4.8970652806563528 8.1802472190663735 6.8194159895166706 2.0847251859938218
 4.0733537645810793 8.1802472190663735 1.1749603463571268 4.2429021667052478 5.550568837034267
 7.2017844791590537 6.8194159895166706 4.2429021667052478 4.4683372963197598 3.2953159880418892
 6.6053959560240125 2.0847251859938218 5.550568837034267 3.2953159880418892 6.8612160723994613


---Resultados---
-Norma resultado:17.2883
# name: lambda_res
# type: diagonal matrix
# rows: 5
# columns: 5
-1.9756765898769193
-1.7880450176764273
-1.5409586449844788
-1.1345170160703848
6.4391972686082077


# name: Y_res
# type: matrix
# rows: 5
# columns: 5
 0 1.9288441318487184 1.631833753496521 1.7471657811943555 1.565983268595903
 1.9288441318487184 0 1.7307440136378132 1.8505751182186114 1.3716257906269846
 1.631833753496521 1.7307440136378132 0 1.5556569722364331 1.3972241230336842
 1.7471657811943555 1.8505751182186114 1.5556569722364331 0 1.2452695246385133
 1.565983268595903 1.3716257906269846 1.3972241230336842 1.2452695246385133 0


#------------------------------------------#
-Simulacion N.2
Total de iteraciones:1001
Tiempo de ejecucion:0.37663
---Datos Iniciales---
# name: lambda
# type: matrix
# rows: 5
# columns: 1
 -9.0509047959685862
 -5.501172632750273
 -4.6260621881829467
 -2.9461586706704406
 2.0693706145164334


# name: Y
# type: matrix
# rows: 5
# columns: 5
 9.8724114240543344 9.6293681398632707 7.5919986116596512 6.4977367026492718 5.5201708546048929
 9.6293681398632707 0.020251898803800295 4.0669343875291135 7.5721531328947718 6.3933020049795948
 7.5919986116596512 4.0669343875291135 9.1632744073234367 3.9770070587545749 6.5340935807379186
 6.4977367026492718 7.5721531328947718 3.9770070587545749 5.2332840447971138 9.3367546395458607
 5.5201708546048929 6.3933020049795948 6.5340935807379186 9.3367546395458607 3.7049717201874035


---Resultados---
-Norma resultado:8.9688
# name: lambda_res
# type: diagonal matrix
# rows: 5
# columns: 5
-5.0399192613574293
-1.4901870981391103
-0.61507665357178254
1.0648268639407221
6.080356149127601


# name: Y_res
# type: matrix
# rows: 5
# columns: 5
 0 3.6363284856184803 2.5584227578531671 0.32371209130736955 0.53799981693990351
 3.6363284856184803 0 1.4827889138276458e-15 2.4473786432327076 2.0423037846511174
 2.5584227578531671 1.4827889138276458e-15 0 0.38629866133828816 0.91981761299074161
 0.32371209130736955 2.4473786432327076 0.38629866133828816 0 1.3166517538583804
 0.53799981693990351 2.0423037846511174 0.91981761299074161 1.3166517538583804 0


#------------------------------------------#
-Simulacion N.3
Total de iteraciones:1001
Tiempo de ejecucion:0.35118
---Datos Iniciales---
# name: lambda
# type: matrix
# rows: 5
# columns: 1
 -5.6876237192745105
 -2.5561672940873663
 0.94856902006045907
 3.6803764928431999
 4.6834731140409858


# name: Y
# type: matrix
# rows: 5
# columns: 5
 0.64320647903741923 8.5087193405900834 4.3400239179936264 9.4952653523622779 4.5622971044685379
 8.5087193405900834 2.2199775427662836 3.0253339574122826 7.4170849980028146 3.1042643242460879
 4.3400239179936264 3.0253339574122826 7.2658154493830676 5.92988519839537 1.37126384460456
 9.4952653523622779 7.4170849980028146 5.92988519839537 2.6339981705181748 2.1975666589923804
 4.5622971044685379 3.1042643242460879 1.37126384460456 2.1975666589923804 8.5367769940628548


---Resultados---
-Norma resultado:1.3059
# name: lambda_res
# type: diagonal matrix
# rows: 5
# columns: 5
-5.0346864994594043
-1.9032300742722572
1.6015062398755666
3.6803764928431999
5.3364103338560955


# name: Y_res
# type: matrix
# rows: 5
# columns: 5
 0 3.3603561260286812 0.00067525929942068496 3.3682321868244527 2.2074827155390271e-92
 3.3603561260286812 0 0.0030296188856881738 0.31671022911551705 0
 0.00067525929942068496 0.0030296188856881738 0 2.6960951047132986 0
 3.3682321868244527 0.31671022911551705 2.6960951047132986 0 0
 2.2074827155390271e-92 0 0 0 3.6803764928431999


#------------------------------------------#
-Simulacion N.4
Total de iteraciones:24
Tiempo de ejecucion:0.010125
---Datos Iniciales---
# name: lambda
# type: matrix
# rows: 5
# columns: 1
 -0.93690139366800373
 1.0082083190727253
 1.1379160422071486
 3.085753573748951
 4.2364552907197428


# name: Y
# type: matrix
# rows: 5
# columns: 5
 2.1995036222412367 2.9535531152390111 8.5028749515343875 1.3646127670774144 3.705476148086039
 2.9535531152390111 2.3329369321669677 5.0902424367632459 7.8767902659727023 7.1802506838446538
 8.5028749515343875 5.0902424367632459 0.63109376213487556 3.8333765391139405 5.2904622880018799
 1.3646127670774144 7.8767902659727023 3.8333765391139405 0.06983639204313441 4.2657843602148917
 3.705476148086039 7.1802506838446538 5.2904622880018799 4.2657843602148917 8.7089490244891739


---Resultados---
-Norma resultado:6.096e-11
# name: lambda_res
# type: diagonal matrix
# rows: 5
# columns: 5
-0.93690139365758729
1.0082083190652016
1.1379160422075991
3.0857535737220201
4.236455290743331


# name: Y_res
# type: matrix
# rows: 5
# columns: 5
 1.7899857745647001 0.2190864972875296 2.0831820219843169 0 0
 0.2190864972875296 1.9510699218480581 0.15594376286423134 0.75871873160223213 1.0703396077346987
 2.0831820219843169 0.15594376286423134 0.92565153059239813 0.71162839231121455 0.48120405261071797
 0 0.75871873160223213 0.71162839231121455 1.4629352713646318 0.75491338939813035
 0 1.0703396077346987 0.48120405261071797 0.75491338939813035 2.4017893337107754


#------------------------------------------#
-Simulacion N.5
Total de iteraciones:147
Tiempo de ejecucion:0.060246
---Datos Iniciales---
# name: lambda
# type: matrix
# rows: 5
# columns: 1
 -4.505419240308612
 -3.5776291457566778
 -1.8224047326010773
 6.7024538715621134
 8.0432945788978252


# name: Y
# type: matrix
# rows: 5
# columns: 5
 9.3048538934543181 9.1807091560060385 3.5515560955325238 2.7825600828041184 4.5834243117052118
 9.1807091560060385 3.1400349811830832 8.7616158796203454 9.20841555111517 3.5027466975843753
 3.5515560955325238 8.7616158796203454 5.0783510105758003 6.465249182195917 8.4604356659899871
 2.7825600828041184 9.20841555111517 6.465249182195917 4.9345656958276605 5.9590195212186945
 4.5834243117052118 3.5027466975843753 8.4604356659899871 5.9590195212186945 9.0069641333145949


---Resultados---
-Norma resultado:1.1342e-10
# name: lambda_res
# type: diagonal matrix
# rows: 5
# columns: 5
-4.5054192402815074
-3.5776291457408993
-1.8224047326093755
6.7024538714965054
8.0432945789728088


# name: Y_res
# type: matrix
# rows: 5
# columns: 5
 4.3672539133151203 4.6468744340557695 0 0 0
 4.6468744340557695 0 0.80924301705634716 1.5093456436296866 0
 0 0.80924301705634716 0 3.0623356804695532 4.5487085744693436
 0 1.5093456436296866 3.0623356804695532 0 2.9622636946804581
 0 0 4.5487085744693436 2.9622636946804581 0.4730414185224121


#------------------------------------------#
-Simulacion N.6
Total de iteraciones:1001
Tiempo de ejecucion:0.38689
---Datos Iniciales---
# name: lambda
# type: matrix
# rows: 5
# columns: 1
 -7.8373538155805296
 -2.9776994900853033
 2.8693952705745236
 4.1861018027574115
 5.2290538126041604


# name: Y
# type: matrix
# rows: 5
# columns: 5
 5.5617769837016384 4.0771638331009505 2.6800343260911759 5.0929374854276581 6.3559161686855479
 4.0771638331009505 5.9650172234886352 6.8966165404434552 4.0352318250709942 5.5683309040345685
 2.6800343260911759 6.8966165404434552 1.005134273359044 6.0329473754947607 5.3336390378606229
 5.0929374854276581 4.0352318250709942 6.0329473754947607 4.2441418103572435 7.6817097042561446
 6.3559161686855479 5.5683309040345685 5.3336390378606229 7.6817097042561446 9.9965565213004055


---Resultados---
-Norma resultado:1.8459
# name: lambda_res
# type: diagonal matrix
# rows: 5
# columns: 5
-6.5332038140923476
-2.9235473803299143
2.9235473803299139
4.1861018027574115
6.5332038140923485


# name: Y_res
# type: matrix
# rows: 5
# columns: 5
 4.1861018027574115 0 9.808899081035231e-20 7.0392476750783007e-20 0
 0 0 5.8444717839229998 0 0.036862929118427305
 9.808899081035231e-20 5.8444717839229998 0 2.5073466655333592 0
 7.0392476750783007e-20 0 2.5073466655333592 0 3.2838825727678156
 0 0.036862929118427305 0 3.2838825727678156 0


#------------------------------------------#
-Simulacion N.7
Total de iteraciones:1001
Tiempo de ejecucion:0.38736
---Datos Iniciales---
# name: lambda
# type: matrix
# rows: 5
# columns: 1
 -9.0524433403012345
 -6.8548236306798804
 5.3882476614726098
 8.3677061403135546
 9.1683371612784974


# name: Y
# type: matrix
# rows: 5
# columns: 5
 3.608075622054927 5.2281464577807402 5.2624754699050236 5.7549619671587493 6.1998836955185368
 5.2281464577807402 3.3628979536430292 5.2026679414933028 6.0442310096180885 3.3319287162250544
 5.2624754699050236 5.2026679414933028 3.1465014358562557 3.0624652891052047 7.4517872526692184
 5.7549619671587493 6.0442310096180885 3.0624652891052047 5.107643472624761 4.4478697087054462
 6.1998836955185368 3.3319287162250544 7.4517872526692184 4.4478697087054462 1.9620548593485543


---Resultados---
-Norma resultado:6.7296e-08
# name: lambda_res
# type: diagonal matrix
# rows: 5
# columns: 5
-9.0524432990365788
-6.854823627604965
5.3882476634292411
8.3677061298797479
9.1683372126932898


# name: Y_res
# type: matrix
# rows: 5
# columns: 5
 0 0 0 6.8329266535998734 1.2238768436563467
 0 7.0170240793607377 0 2.2182315337052145 0
 0 0 0 0 8.8485086620168207
 6.8329266535998734 2.2182315337052145 0 0 0
 1.2238768436563467 0 8.8485086620168207 0 0


#------------------------------------------#
-Simulacion N.8
Total de iteraciones:1001
Tiempo de ejecucion:0.36422
---Datos Iniciales---
# name: lambda
# type: matrix
# rows: 5
# columns: 1
 -7.7423986916004228
 -6.608579413173965
 -5.9294572717471823
 -5.7227552991999575
 -0.83923461908108621


# name: Y
# type: matrix
# rows: 5
# columns: 5
 6.0644433465353682 5.6868379292374112 6.4790853504510837 2.9594488247884123 5.3508856898843264
 5.6868379292374112 9.1792319868508514 5.3329136442643277 6.1983020051562887 3.4285765766420115
 6.4790853504510837 5.3329136442643277 0.010643198145626753 2.450726550998247 1.4327795475884852
 2.9594488247884123 6.1983020051562887 2.450726550998247 6.7890469860262979 8.1094666036889684
 5.3508856898843264 3.4285765766420115 1.4327795475884852 8.1094666036889684 3.7594662667680323


---Resultados---
-Norma resultado:12.0043
# name: lambda_res
# type: diagonal matrix
# rows: 5
# columns: 5
-2.3739136326399035
-1.2400943542134419
-0.56097221278665943
-0.35427024023943338
4.5292504398794371


# name: Y_res
# type: matrix
# rows: 5
# columns: 5
 0 1.2553519237949105 1.3302630551159194 0.65484110917103955 1.5928654852023181
 1.2553519237949105 0 0.98437493195871195 1.5161092931218447 0.93460123006075746
 1.3302630551159194 0.98437493195871195 0 1.1041374084087339 0.39535925049647752
 0.65484110917103955 1.5161092931218447 1.1041374084087339 0 1.4952486647390373
 1.5928654852023181 0.93460123006075746 0.39535925049647752 1.4952486647390373 0


#------------------------------------------#
-Simulacion N.9
Total de iteraciones:1001
Tiempo de ejecucion:0.35763
---Datos Iniciales---
# name: lambda
# type: matrix
# rows: 5
# columns: 1
 -9.2906782442875642
 -6.5708608333136258
 -6.1472518494925339
 2.9431758093385518
 6.1774313587194492


# name: Y
# type: matrix
# rows: 5
# columns: 5
 2.3819244158327679 3.5078612561708518 2.3087554666392118 2.0879992903565587 7.5531483164133189
 3.5078612561708518 8.3232270659600864 5.1017787860652053 8.5748952656016399 3.1135381418482555
 2.3087554666392118 5.1017787860652053 4.6397832714290299 6.8278304839699819 2.7539846448186367
 2.0879992903565587 8.5748952656016399 6.8278304839699819 7.0773192335831228 7.8394658586787536
 7.5531483164133189 3.1135381418482555 2.7539846448186367 7.8394658586787536 0.33038295870936873


---Resultados---
-Norma resultado:5.7638
# name: lambda_res
# type: diagonal matrix
# rows: 5
# columns: 5
-6.7130414924804169
-3.9932240815064799
-3.5696150976853902
5.5208125611456982
8.7550681105265937


# name: Y_res
# type: matrix
# rows: 5
# columns: 5
 0 4.7567727036680112e-15 1.6920232338831467e-13 0.43777936435141279 6.0128996512155855
 4.7567727036680112e-15 0 3.7576356497118413 4.312134819235558 5.1033340095964512e-15
 1.6920232338831467e-13 3.7576356497118413 0 3.8018693993499957 0.28015944896730965
 0.43777936435141279 4.312134819235558 3.8018693993499957 0 2.6168888328773354
 6.0128996512155855 5.1033340095964512e-15 0.28015944896730965 2.6168888328773354 0


#------------------------------------------#
-Simulacion N.10
Total de iteraciones:1001
Tiempo de ejecucion:0.37718
---Datos Iniciales---
# name: lambda
# type: matrix
# rows: 5
# columns: 1
 -8.983480889854663
 -7.4043537956514838
 -2.3253670506175244
 2.8873810456833375
 5.9457653511715769


# name: Y
# type: matrix
# rows: 5
# columns: 5
 2.0199822031438464 0.76819058552002162 5.4728473317199571 4.3110227715641738 2.5527902920338392
 0.76819058552002162 9.3596970654613187 4.6753501520249046 6.3809744595261559 6.3666960612255625
 5.4728473317199571 4.6753501520249046 3.7847284277515714 3.2014607225702645 3.744636667956903
 4.3110227715641738 6.3809744595261559 3.2014607225702645 3.7100265138263988 1.9689361115061181
 2.5527902920338392 6.3666960612255625 3.744636667956903 1.9689361115061181 3.8991975581154534


---Resultados---
-Norma resultado:4.4185
# name: lambda_res
# type: diagonal matrix
# rows: 5
# columns: 5
-7.0074698220009122
-5.4283427277977312
-0.3493559827637715
4.8633921135370883
7.9217764190253295


# name: Y_res
# type: matrix
# rows: 5
# columns: 5
 0 7.1638352168332521e-15 5.2044059904175315 3.1526367003396158 0.19448423226720207
 7.1638352168332521e-15 0 0.018415629584831873 3.8732464641066962 5.3791302664903968
 5.2044059904175315 0.018415629584831873 0 1.0475432067201114 0.67290830448243599
 3.1526367003396158 3.8732464641066962 1.0475432067201114 0 0
 0.19448423226720207 5.3791302664903968 0.67290830448243599 0 0


#------------------------------------------#
-Simulacion N.11
Total de iteraciones:1001
Tiempo de ejecucion:0.35861
---Datos Iniciales---
# name: lambda
# type: matrix
# rows: 5
# columns: 1
 -7.6862370802218898
 -7.3569871705601253
 -6.693506653376029
 0.9699802023087436
 6.4300733492212387


# name: Y
# type: matrix
# rows: 5
# columns: 5
 2.4282459794709945 4.3390769259011055 0.96647779547721357 3.0293042157329086 0.71568273012799
 4.3390769259011055 7.6447045106717217 5.7203879555092207 6.8794781444179716 5.5638855395028379
 0.96647779547721357 5.7203879555092207 5.1527369412068591 8.214374043342163 8.3059779694155615
 3.0293042157329086 6.8794781444179716 8.214374043342163 5.5176319666789038 3.891407081930272
 0.71568273012799 5.5638855395028379 8.3059779694155615 3.891407081930272 7.2383297718470354


---Resultados---
-Norma resultado:6.4116
# name: lambda_res
# type: diagonal matrix
# rows: 5
# columns: 5
-4.8189016096962778
-4.4896517000345133
-3.8261711828504144
3.8373156728343556
9.2974088197468525


# name: Y_res
# type: matrix
# rows: 5
# columns: 5
 0 4.2885301033200642 5.6300187059180441e-14 3.18606415191904 4.950876301460174e-15
 4.2885301033200642 0 1.0344829379058256 3.9966950017151297 0.75301294730915325
 5.6300187059180441e-14 1.0344829379058256 0 2.4900705051221594 4.7647138822955064
 3.18606415191904 3.9966950017151297 2.4900705051221594 0 2.1298797081163729
 4.950876301460174e-15 0.75301294730915325 4.7647138822955064 2.1298797081163729 0


#------------------------------------------#
-Simulacion N.12
Total de iteraciones:143
Tiempo de ejecucion:0.051312
---Datos Iniciales---
# name: lambda
# type: matrix
# rows: 5
# columns: 1
 -5.226417206513327
 -3.1919625194808576
 4.2571018087120081
 5.1870260396578729
 6.3592904228002674


# name: Y
# type: matrix
# rows: 5
# columns: 5
 3.9528454296348792 8.1896328341661047 6.5271420030786542 2.61155327771018 3.2123832224499607
 8.1896328341661047 4.807188891785577 7.0813287566799143 7.9360335244996669 3.6116765891932756
 6.5271420030786542 7.0813287566799143 2.0257491792008961 7.5720514324394745 1.7658590522885107
 2.61155327771018 7.9360335244996669 7.5720514324394745 4.0607335013387811 8.6188659593299697
 3.2123832224499607 3.6116765891932756 1.7658590522885107 8.6188659593299697 6.7170223598976051


---Resultados---
-Norma resultado:1.1038e-10
# name: lambda_res
# type: diagonal matrix
# rows: 5
# columns: 5
-5.2264172064454
-3.1919625194508123
4.2571018087430623
5.187026039645156
6.3592904228607505


# name: Y_res
# type: matrix
# rows: 5
# columns: 5
 2.2158694529684082 3.9450341844456229 0 0 0
 3.9450341844456229 0 1.2544983676533614 1.0693083676463764 0
 0 1.2544983676533614 0 5.2075217527960804 0
 0 1.0693083676463764 5.2075217527960804 0 0.52195618000519417
 0 0 0 0.52195618000519417 5.1691690923843474


#------------------------------------------#
-Simulacion N.13
Total de iteraciones:209
Tiempo de ejecucion:0.073721
---Datos Iniciales---
# name: lambda
# type: matrix
# rows: 5
# columns: 1
 -6.3574642340195648
 3.4176952215690637
 7.2542476678679968
 8.2918499377946198
 8.7245880058892027


# name: Y
# type: matrix
# rows: 5
# columns: 5
 0.97243286878498592 8.7515065870176159 5.359068348936475 7.376389678257536 3.9459767236726395
 8.7515065870176159 2.6018465858469 3.8781366991431403 6.7287124025594558 7.2354282532976804
 5.359068348936475 3.8781366991431403 4.4490130208019849 4.4665776089414635 4.993668551286234
 7.376389678257536 6.7287124025594558 4.4665776089414635 4.5450695806886667 5.4011601336166626
 3.9459767236726395 7.2354282532976804 4.993668551286234 5.4011601336166626 9.7045382767327304


---Resultados---
-Norma resultado:1.1585e-10
# name: lambda_res
# type: diagonal matrix
# rows: 5
# columns: 5
-6.3574642339882974
3.4176952215840841
7.2542476678744725
8.2918499377251109
8.7245880059667833


# name: Y_res
# type: matrix
# rows: 5
# columns: 5
 0 6.0591625610036264 1.0441314533765014 2.7000776265039739 0
 6.0591625610036264 0 0 0.38098211906869317 0.65278149588382939
 1.0441314533765014 0 7.9164864433076172 0 0
 2.7000776265039739 0.38098211906869317 0 5.0308524324949229 0
 0 0.65278149588382939 0 0 8.3835777233596165


#------------------------------------------#
-Simulacion N.14
Total de iteraciones:94
Tiempo de ejecucion:0.033745
---Datos Iniciales---
# name: lambda
# type: matrix
# rows: 5
# columns: 1
 1.362765025599213
 1.9553036392420324
 3.4770964111258849
 5.760378094367395
 6.4418847695395129


# name: Y
# type: matrix
# rows: 5
# columns: 5
 9.6006911748279204 6.6593177766578053 4.34369100129814 2.9997780355343613 7.3897407158224526
 6.6593177766578053 5.605175624551749 3.0684818877532694 2.2455040905280446 4.2429384283947318
 4.34369100129814 3.0684818877532694 8.4804513530300856 4.8273168346246749 5.1769031567547703
 2.9997780355343613 2.2455040905280446 4.8273168346246749 1.6597642934398649 5.704943075796626
 7.3897407158224526 4.2429384283947318 5.1769031567547703 5.704943075796626 5.7806960632411997


---Resultados---
-Norma resultado:9.6753e-11
# name: lambda_res
# type: diagonal matrix
# rows: 5
# columns: 5
1.3627650255854595
1.955303639263924
3.4770964111311202
5.7603780943030056
6.4418847695905388


# name: Y_res
# type: matrix
# rows: 5
# columns: 5
 4.1468289964419629 1.8690938229752525 0 0.13263958256643987 1.1326205246857772
 1.8690938229752525 3.7143710604321694 0 0 0.082384460326192205
 0 0 5.2559165360340341 1.3038326681332153 0.53459096703824116
 0.13263958256643987 0 1.3038326681332153 2.5384706700198629 1.1507093809559046
 1.1326205246857772 0.082384460326192205 0.53459096703824116 1.1507093809559046 3.3418406769460205


#------------------------------------------#
-Simulacion N.15
Total de iteraciones:102
Tiempo de ejecucion:0.040239
---Datos Iniciales---
# name: lambda
# type: matrix
# rows: 5
# columns: 1
 -5.6911576914728794
 2.1429696004683727
 5.3715641903970237
 5.892953912965158
 9.6373555523060226


# name: Y
# type: matrix
# rows: 5
# columns: 5
 6.1364525349733086 5.3028091949116298 2.4529425395826063 8.5107697364390162 7.0562655325396264
 5.3028091949116298 9.1252385420420179 6.5514027881154986 4.0646143419596727 7.3944144451186347
 2.4529425395826063 6.5514027881154986 5.3111942505278762 7.2457328794464644 3.7700190219003442
 8.5107697364390162 4.0646143419596727 7.2457328794464644 0.27131244878950689 6.0255387552652664
 7.0562655325396264 7.3944144451186347 3.7700190219003442 6.0255387552652664 5.5449387120702927


---Resultados---
-Norma resultado:9.8656e-11
# name: lambda_res
# type: diagonal matrix
# rows: 5
# columns: 5
-5.6911576914230926
2.1429696004708974
5.3715641903562084
5.8929539129545274
9.6373555523641024


# name: Y_res
# type: matrix
# rows: 5
# columns: 5
 2.2967919737752092 0 0 5.1783471808044599 1.5749861205379077
 0 5.7083485544207528 1.3416161276064882 0 1.0411104621694054
 0 1.3416161276064882 4.1056627623226669 4.7433139881413524 0
 5.1783471808044599 0 4.7433139881413524 0 0.96916974676959911
 1.5749861205379077 1.0411104621694054 0 0.96916974676959911 5.2428822742040104


#------------------------------------------#
-Simulacion N.16
Total de iteraciones:1001
Tiempo de ejecucion:0.35145
---Datos Iniciales---
# name: lambda
# type: matrix
# rows: 5
# columns: 1
 -5.1898194353644334
 -1.9603782502087377
 1.5123603246359192
 2.8323302067401563
 4.1420081152776174


# name: Y
# type: matrix
# rows: 5
# columns: 5
 0.21681613458920057 7.0286593883401141 6.1697697210270883 4.2487664652509674 3.7266285475624161
 7.0286593883401141 1.719071590080532 3.5709228716598993 6.9770310071872181 4.6176861600171142
 6.1697697210270883 3.5709228716598993 7.3574047808762462 5.9488574914067254 7.3801672986960671
 4.2487664652509674 6.9770310071872181 5.9488574914067254 7.5409295776207834 6.7680590207690017
 3.7266285475624161 4.6176861600171142 7.3801672986960671 6.7680590207690017 7.6988295168036043


---Resultados---
-Norma resultado:0.74226
# name: lambda_res
# type: diagonal matrix
# rows: 5
# columns: 5
-4.6655470487906685
-1.9583133750392792
1.5140167867316392
2.8306166300768716
4.6674363646039083


# name: Y_res
# type: matrix
# rows: 5
# columns: 5
 0 1.1695428504846463 1.9511238475136856 0 0
 1.1695428504846463 0 0 4.4834922325950863 0
 1.9511238475136856 0 0 0 0.84721351024956792
 0 4.4834922325950863 0 0 0
 0 0 0.84721351024956792 0 2.3882093575824723


#------------------------------------------#
-Simulacion N.17
Total de iteraciones:1001
Tiempo de ejecucion:0.39234
---Datos Iniciales---
# name: lambda
# type: matrix
# rows: 5
# columns: 1
 -6.9506571836462232
 -6.5673200235970093
 -4.4537576572009812
 -1.1082560166955098
 9.664574632731366


# name: Y
# type: matrix
# rows: 5
# columns: 5
 6.4362280880331513 6.9056905492293552 6.5093752020740769 6.5968789683359503 6.6078040839911978
 6.9056905492293552 1.3172654987076515 8.4490633018442516 5.4167475548274089 7.2256956339410783
 6.5093752020740769 8.4490633018442516 5.4837779663127719 4.2569864709937386 2.399214190401306
 6.5968789683359503 5.4167475548274089 4.2569864709937386 9.9462097592649759 6.3949522506961038
 6.6078040839911978 7.2256956339410783 2.399214190401306 6.3949522506961038 1.1527899706949962


---Resultados---
-Norma resultado:4.2107
# name: lambda_res
# type: diagonal matrix
# rows: 5
# columns: 5
-5.0675739339645478
-4.6842367739153339
-2.5706744075193106
0.77482723298616274
11.547657882413031


# name: Y_res
# type: matrix
# rows: 5
# columns: 5
 0 3.9936303432109597 3.2588988697518788 2.5863277193401593 4.0916308485247361
 3.9936303432109597 0 4.6159161115408249 2.3733389108933181 2.3745751185900805
 3.2588988697518788 4.6159161115408249 0 1.1415473921325874 0.67905263069799493
 2.5863277193401593 2.3733389108933181 1.1415473921325874 0 3.1220898351550743
 4.0916308485247361 2.3745751185900805 0.67905263069799493 3.1220898351550743 0


#------------------------------------------#
-Simulacion N.18
Total de iteraciones:1001
Tiempo de ejecucion:0.37679
---Datos Iniciales---
# name: lambda
# type: matrix
# rows: 5
# columns: 1
 -8.1572665770772126
 -7.6559543604843405
 2.8869419784659538
 3.7460709922649027
 3.9562229265624804


# name: Y
# type: matrix
# rows: 5
# columns: 5
 6.1725579185414077 3.6192372779938236 3.5024836025300239 4.2335683031606264 7.1600150527896966
 3.6192372779938236 2.2661032773103362 7.8908529549551272 2.9152463667163144 4.482307413721033
 3.5024836025300239 7.8908529549551272 6.091507180917989 2.5574044618327454 3.0540733600516372
 4.2335683031606264 2.9152463667163144 2.5574044618327454 0.70674079118492439 4.9228272670981745
 7.1600150527896966 4.482307413721033 3.0540733600516372 4.9228272670981745 4.386118620994031


---Resultados---
-Norma resultado:4.0581
# name: lambda_res
# type: diagonal matrix
# rows: 5
# columns: 5
-6.0567447518198474
-5.7010126763746189
2.8869419784659538
5.7010126763746207
6.0567447518198456


# name: Y_res
# type: matrix
# rows: 5
# columns: 5
 2.8869419784659538 0 4.8173528672225678e-55 0 8.146429998683054e-56
 0 0 5.989959228062542 0.27522348358646276 0
 4.8173528672225678e-55 5.989959228062542 0 0 4.4161079537881004e-13
 0 0.27522348358646276 0 0 5.7645765677205016
 8.146429998683054e-56 0 4.4161079537881004e-13 5.7645765677205016 0


#------------------------------------------#
-Simulacion N.19
Total de iteraciones:1001
Tiempo de ejecucion:0.36525
---Datos Iniciales---
# name: lambda
# type: matrix
# rows: 5
# columns: 1
 -7.6970885119567889
 -5.9360928746050234
 4.2751886186950721
 5.3482146549033232
 5.5228344505509508


# name: Y
# type: matrix
# rows: 5
# columns: 5
 9.2902738519704613 8.3928571328667001 0.56890804147939289 7.3237054394701886 8.1995405137370145
 8.3928571328667001 7.540580604690188 2.9401648231670205 3.1885167707673254 4.0203962049560804
 0.56890804147939289 2.9401648231670205 3.4881451485969994 7.3544723229607296 7.6329076208326807
 7.3237054394701886 3.1885167707673254 7.3544723229607296 8.6542178912532624 5.1154024402396203
 8.1995405137370145 4.0203962049560804 7.6329076208326807 5.1154024402396203 3.058881211189032


---Resultados---
-Norma resultado:1.5926
# name: lambda_res
# type: diagonal matrix
# rows: 5
# columns: 5
-6.6099614812538716
-5.642153764754176
4.2751886186950729
5.6421537647541768
6.6099614812538707


# name: Y_res
# type: matrix
# rows: 5
# columns: 5
 0 8.123471924738671e-16 0 5.8749818727170471 1.7112659198164012e-13
 8.123471924738671e-16 4.2751886186950721 0 1.0488876128097867e-15 0
 0 0 0 0.84433413512032596 6.3480058090951914
 5.8749818727170471 1.0488876128097867e-15 0.84433413512032596 0 0
 1.7112659198164012e-13 0 6.3480058090951914 0 0


#------------------------------------------#
-Simulacion N.20
Total de iteraciones:1001
Tiempo de ejecucion:0.37449
---Datos Iniciales---
# name: lambda
# type: matrix
# rows: 5
# columns: 1
 -9.9791567981103881
 -5.8799043468727952
 -0.97965021373986438
 3.4320784178183761
 8.6188470274625644


# name: Y
# type: matrix
# rows: 5
# columns: 5
 3.8762183777032497 5.9671616231521014 8.6235959410644245 7.5546589479750708 3.0520698371083008
 5.9671616231521014 6.6173120794678484 2.3316893772427183 4.5605307861101965 0.46161965241586445
 8.6235959410644245 2.3316893772427183 2.5239087373199629 4.4811142377698605 4.20128994331297
 7.5546589479750708 4.5605307861101965 4.4811142377698605 6.4824495852261954 5.0384639972573702
 3.0520698371083008 0.46161965241586445 4.20128994331297 5.0384639972573702 0.94232640812121571


---Resultados---
-Norma resultado:2.1412
# name: lambda_res
# type: diagonal matrix
# rows: 5
# columns: 5
-9.0215996154219642
-4.9223471641843739
-0.022093031051442558
4.389635600506792
9.5764042101509848


# name: Y_res
# type: matrix
# rows: 5
# columns: 5
 0 4.9218785475722244 6.0087068715682532 2.0009189280815405 1.1341140353013333e-13
 4.9218785475722244 0 4.1504829045942333e-14 0.41816447176047195 0.0015499552740178878
 6.0087068715682532 4.1504829045942333e-14 0 0.46384645250987644 3.1708084186159451
 2.0009189280815405 0.41816447176047195 0.46384645250987644 0 5.7897035386521658
 1.1341140353013333e-13 0.0015499552740178878 3.1708084186159451 5.7897035386521658 0


#------------------------------------------#
-Simulacion N.21
Total de iteraciones:1001
Tiempo de ejecucion:0.35154
---Datos Iniciales---
# name: lambda
# type: matrix
# rows: 5
# columns: 1
 -8.5269109047479255
 -5.901801670936706
 -0.80847343170221109
 0.65040981736975567
 3.4964535034112352


# name: Y
# type: matrix
# rows: 5
# columns: 5
 5.5527639216370037 4.8410215102931096 2.6820897805892279 6.9164754890557028 4.0939986754417443
 4.8410215102931096 4.9648746676816717 5.8790988874881354 0.79168339640303009 4.242881681578039
 2.6820897805892279 5.8790988874881354 9.7232845956897229 4.1541410104451755 6.5684484927357829
 6.9164754890557028 0.79168339640303009 4.1541410104451755 6.7018531514473834 8.4473252998073534
 4.0939986754417443 4.242881681578039 6.5684484927357829 8.4473252998073534 3.8517919392773035


---Resultados---
-Norma resultado:5.0404
# name: lambda_res
# type: diagonal matrix
# rows: 5
# columns: 5
-5.8946994209611514
-3.8055244985849805
0.92757025342092314
2.5334363886663547
6.239217277458855


# name: Y_res
# type: matrix
# rows: 5
# columns: 5
 0 2.5801142680036153 0 3.1546742606232643 0
 2.5801142680036153 0 2.5090200078425058 0 0
 0 2.5090200078425058 0 0 1.722875355051448
 3.1546742606232643 0 0 0 4.6739242766553577
 0 0 1.722875355051448 4.6739242766553577 0


#------------------------------------------#
-Simulacion N.22
Total de iteraciones:63
Tiempo de ejecucion:0.025601
---Datos Iniciales---
# name: lambda
# type: matrix
# rows: 5
# columns: 1
 -6.4051474661095735
 -3.4474258981682926
 -1.3966935795514868
 7.0145830260216293
 8.3953861954332289


# name: Y
# type: matrix
# rows: 5
# columns: 5
 5.9369548450324494 0.71229768363573531 6.63451818769569 5.5293525199330364 7.2352771743556392
 0.71229768363573531 4.1744210196509881 6.0119490848732209 7.8362476470804907 6.5473883125553662
 6.63451818769569 6.0119490848732209 1.2465759209698668 4.4451858563154376 8.9576825083332139
 5.5293525199330364 7.8362476470804907 4.4451858563154376 2.6726583836510986 5.7157426119796355
 7.2352771743556392 6.5473883125553662 8.9576825083332139 5.7157426119796355 4.9759346345056121


---Resultados---
-Norma resultado:8.7337e-11
# name: lambda_res
# type: diagonal matrix
# rows: 5
# columns: 5
-6.4051474660892085
-3.447425898115914
-1.3966935795238185
7.0145830260312145
8.3953861954668643


# name: Y_res
# type: matrix
# rows: 5
# columns: 5
 2.8073862333635877 0 3.6895991074773269 0 2.8549927645621342
 0 1.353316044405549 0.99119011330362417 6.7962406492757372 0.072763142148258853
 3.6895991074773269 0.99119011330362417 0 1.9716346151894565e-05 3.5947081007653754
 0 6.7962406492757372 1.9716346151894565e-05 0 0.74499437077307407
 2.8549927645621342 0.072763142148258853 3.5947081007653754 0.74499437077307407 0


#------------------------------------------#
-Simulacion N.23
Total de iteraciones:1001
Tiempo de ejecucion:0.36232
---Datos Iniciales---
# name: lambda
# type: matrix
# rows: 5
# columns: 1
 -9.0601806747686613
 -8.4499693947998118
 -0.74328264389315102
 -0.2543149873654027
 4.1954302186228016


# name: Y
# type: matrix
# rows: 5
# columns: 5
 2.9223135962275304 4.0203106011220786 5.3396403157354388 3.0239641110294229 7.4665732463473375
 4.0203106011220786 6.2561737607089523 7.0440329205485517 2.9065620572708735 4.9335502958891144
 5.3396403157354388 7.0440329205485517 0.19863656152737219 2.5123068307544743 5.3584854532333956
 3.0239641110294229 2.9065620572708735 2.5123068307544743 5.4296888127418992 4.048619490285045
 7.4665732463473375 4.9335502958891144 5.3584854532333956 4.048619490285045 7.7449282172201217


---Resultados---
-Norma resultado:6.4066
# name: lambda_res
# type: diagonal matrix
# rows: 5
# columns: 5
-6.1223834126197074
-5.5560657137364107
1.9715422572837207
2.4753797329044214
7.2315271361679763


# name: Y_res
# type: matrix
# rows: 5
# columns: 5
 0 0 3.5658870481467098 0 4.0127365683988643
 0 0 3.7109060231755597 3.1840078137621113 0
 3.5658870481467098 3.7109060231755597 0 0 0
 0 3.1840078137621113 0 0 3.5503692994568778
 4.0127365683988643 0 0 3.5503692994568778 0


#------------------------------------------#
-Simulacion N.24
Total de iteraciones:1001
Tiempo de ejecucion:0.34778
---Datos Iniciales---
# name: lambda
# type: matrix
# rows: 5
# columns: 1
 -6.9085418140393262
 1.0483193203197985
 2.3701522911113244
 2.808182099782373
 3.4986922846773076


# name: Y
# type: matrix
# rows: 5
# columns: 5
 8.3961469445671 3.7032261464416529 6.8215486749206367 1.8395821161556019 7.6885775727894838
 3.7032261464416529 0.38546551271476326 5.5764952442420173 8.4063382596748628 2.6500396686630467
 6.8215486749206367 5.5764952442420173 7.2459295499939547 0.48400418856573479 6.2592471045272244
 1.8395821161556019 8.4063382596748628 0.48400418856573479 1.9439118369985464 8.5892686022396791
 7.6885775727894838 2.6500396686630467 6.2592471045272244 8.5892686022396791 6.2658577371021762


---Resultados---
-Norma resultado:2.4111
# name: lambda_res
# type: diagonal matrix
# rows: 5
# columns: 5
-5.2036170493583214
1.0483193203197989
2.3701522911113257
2.8081820997823739
5.2036170493583214


# name: Y_res
# type: matrix
# rows: 5
# columns: 5
 2.8081647329780135 1.333214588295839e-15 6.7879003645565113e-16 0 0.0055283714587514299
 1.333214588295839e-15 0 9.7612954164823536e-16 5.2036170493583205 0
 6.7879003645565113e-16 9.7612954164823536e-16 2.3701522911113244 9.0123802517429565e-16 3.9467044905855675e-33
 0 5.2036170493583205 9.0123802517429565e-16 0 0
 0.0055283714587514299 0 3.9467044905855675e-33 0 1.0483366871241591


#------------------------------------------#
-Simulacion N.25
Total de iteraciones:1001
Tiempo de ejecucion:0.35319
---Datos Iniciales---
# name: lambda
# type: matrix
# rows: 5
# columns: 1
 -9.1409273413553862
 -3.0858901686145241
 -3.0720242099783164
 -1.2626178631837668
 3.5140571731583865


# name: Y
# type: matrix
# rows: 5
# columns: 5
 3.7738062001282802 5.1105381460420478 8.1938621031740837 3.9590260880490993 5.7379693866257373
 5.1105381460420478 2.0354168638763639 4.8889359258888216 4.2790917454130701 5.1725011257169733
 8.1938621031740837 4.8889359258888216 6.1928661417853039 4.5544618623870363 6.8414478350942032
 3.9590260880490993 4.2790917454130701 4.5544618623870363 2.5048469728080978 3.9799895679256583
 5.7379693866257373 5.1725011257169733 6.8414478350942032 3.9799895679256583 3.1626340886816626


---Resultados---
-Norma resultado:5.8473
# name: lambda_res
# type: diagonal matrix
# rows: 5
# columns: 5
-6.3238366586219286
-0.61574356428899746
-0.59730134473835717
1.205302822383588
6.3315787452656949


# name: Y_res
# type: matrix
# rows: 5
# columns: 5
 0 1.8320334443247996 5.9217683355890482 0 0
 1.8320334443247996 0 0 0.63039078762856837 0.96752785868123781
 5.9217683355890482 0 0 0 1.0021144652200802
 0 0.63039078762856837 0 0 0.61058074352935243
 0 0.96752785868123781 1.0021144652200802 0.61058074352935243 0


#------------------------------------------#
-Simulacion N.26
Total de iteraciones:323
Tiempo de ejecucion:0.11471
---Datos Iniciales---
# name: lambda
# type: matrix
# rows: 5
# columns: 1
 -3.4658163389824415
 1.963420025026787
 4.3281322674250049
 9.1996362571166621
 9.930319574898931


# name: Y
# type: matrix
# rows: 5
# columns: 5
 3.7509080255874494 6.1045178530574766 2.585220069774449 3.330948340670342 4.0921859301888919
 6.1045178530574766 5.5488065528292552 7.6327971385233031 6.0961830118758602 3.9968958348999948
 2.585220069774449 7.6327971385233031 3.2277152325308545 7.4101673797610061 6.8640227156097637
 3.330948340670342 6.0961830118758602 7.4101673797610061 5.0809323377938203 4.8504392587466842
 4.0921859301888919 3.9968958348999948 6.8640227156097637 4.8504392587466842 3.9741543059754858


---Resultados---
-Norma resultado:1.09e-10
# name: lambda_res
# type: diagonal matrix
# rows: 5
# columns: 5
-3.4658163389754266
1.9634200250219089
4.3281322674249845
9.1996362570413748
9.9303195749720938


# name: Y_res
# type: matrix
# rows: 5
# columns: 5
 7.8623230523407157 3.1922710211887884 0 0 0
 3.1922710211887884 3.4619914412156829 1.4894158840006044 0 0
 0 1.4894158840006044 0.29559211455177076 3.9597603891330424 4.0501423190920542
 0 0 3.9597603891330424 5.4425137782766804 0.83833809524682956
 0 0 4.0501423190920542 0.83833809524682956 4.8932713991000858


#------------------------------------------#
-Simulacion N.27
Total de iteraciones:1001
Tiempo de ejecucion:0.37918
---Datos Iniciales---
# name: lambda
# type: matrix
# rows: 5
# columns: 1
 -9.0205601495899668
 -3.7752079235805791
 -1.9533674893108195
 1.088180912899162
 1.3462327401310947


# name: Y
# type: matrix
# rows: 5
# columns: 5
 9.3468909298455785 9.4316663947130692 1.4085436606297734 5.113528371582154 0.89066908652110199
 9.4316663947130692 0.72904235191911582 6.6736315386231206 3.8376540523093472 5.6557973917606823
 1.4085436606297734 6.6736315386231206 0.85063335553709263 2.2978449516304504 8.2334834782361206
 5.113528371582154 3.8376540523093472 2.2978449516304504 3.0999961946506618 5.4694573451243347
 0.89066908652110199 5.6557973917606823 8.2334834782361206 5.4694573451243347 1.6404919323816303


---Resultados---
-Norma resultado:6.0723
# name: lambda_res
# type: diagonal matrix
# rows: 5
# columns: 5
-5.1833964448605299
-2.4316944182398705
0
2.4316944182398728
5.183396444860529


# name: Y_res
# type: matrix
# rows: 5
# columns: 5
 0 3.7317089117338136 0 0 1.0872455471561888e-13
 3.7317089117338136 0 2.8581046756625645 0.10788316834193575 0
 0 2.8581046756625645 0 0 3.0257317139890518
 0 0.10788316834193575 0 0 1.2327333557113314
 1.0872455471561888e-13 0 3.0257317139890518 1.2327333557113314 0


#------------------------------------------#
-Simulacion N.28
Total de iteraciones:1001
Tiempo de ejecucion:0.37535
---Datos Iniciales---
# name: lambda
# type: matrix
# rows: 5
# columns: 1
 -9.2756779315024716
 -7.7990407800542965
 -5.4229079899823436
 -2.8316779024358629
 7.3163928416355546


# name: Y
# type: matrix
# rows: 5
# columns: 5
 3.7756615585814646 7.0852713971779533 7.2586947167816209 3.8958761472146604 6.7486994977119368
 7.0852713971779533 7.4351347450599317 5.9305864620325037 4.3862539119222479 7.9366706362332273
 7.2586947167816209 5.9305864620325037 5.128339764463405 3.717378939258893 6.9725080277214202
 3.8958761472146604 4.3862539119222479 3.717378939258893 9.5348800444663748 8.2086592904478763
 6.7486994977119368 7.9366706362332273 6.9725080277214202 8.2086592904478763 2.4645244765510244


---Resultados---
-Norma resultado:8.0556
# name: lambda_res
# type: diagonal matrix
# rows: 5
# columns: 5
-5.6730955790345874
-4.1964584275864105
-1.8203256375144563
0.77090445003202157
10.918975194103432


# name: Y_res
# type: matrix
# rows: 5
# columns: 5
 0 3.3192916508099932 3.9433568136919472 0.93491774701909081 2.8662170726374452
 3.3192916508099932 0 1.8156095693674215 1.2008985437983766 3.8062557289352141
 3.9433568136919472 1.8156095693674215 0 0.98164918359033981 3.1119945106444407
 0.93491774701909081 1.2008985437983766 0.98164918359033981 0 4.5751210926018748
 2.8662170726374452 3.8062557289352141 3.1119945106444407 4.5751210926018748 0


#------------------------------------------#
-Simulacion N.29
Total de iteraciones:1001
Tiempo de ejecucion:0.35552
---Datos Iniciales---
# name: lambda
# type: matrix
# rows: 5
