#Resultados de la simulacion de P2.
#------------------------------------------#
-Precision:eps(10^-10)
-Dimension:10
-Maximo de Iteraciones:1000
-Maximo de Simulaciones:100
#------------------------------------------#
-Simulacion N.1
Total de iteraciones:426
Tiempo de ejecucion:0.66656
---Datos Iniciales---
# name: lambda
# type: matrix
# rows: 10
# columns: 1
 -8.483303375298787
 -5.6513864333400825
 -4.8265736864671833
 -4.0438710468965251
 -2.0072140707611315
 0.82736169072889254
 5.173111548791562
 6.5334544615378469
 9.2799059999232796
 9.6748406074790019


# name: Y
# type: matrix
# rows: 10
# columns: 10
 9.7979870601465606 1.0048862728451842 2.1204883566218111 5.5617316517221997 1.8692342526522203 5.2798304421878246 6.0756522870094276 5.2138427179573616 7.5674383595446999 5.6198317869771186
 1.0048862728451842 0.97072667068446195 1.8945811129143424 5.2114687311052101 3.8323520033062946 3.2454906962198411 8.6163722025935705 4.5805660772582275 1.940212113770853 6.524919370854084
 2.1204883566218111 1.8945811129143424 9.4840075476003314 6.7431514837404301 1.5151791768606788 4.106211254070506 0.88350509765289853 7.4240618170377832 4.5661028951232403 7.8398756942927941
 5.5617316517221997 5.2114687311052101 6.7431514837404301 1.3555268260371678 7.4129394988581438 3.6431173091945452 2.7419688293557463 4.3028055919455905 6.0738043781683366 5.3659681285690635
 1.8692342526522203 3.8323520033062946 1.5151791768606788 7.4129394988581438 3.7086565267591274 8.3650315863167517 3.638437518104269 5.3061159929768902 6.8397044802384803 5.6417552411326
 5.2798304421878246 3.2454906962198411 4.106211254070506 3.6431173091945452 8.3650315863167517 6.7821704446494895 5.5786506767920558 5.3542615476814293 6.7352406536272991 5.2815699350908609
 6.0756522870094276 8.6163722025935705 0.88350509765289853 2.7419688293557463 3.638437518104269 5.5786506767920558 1.3643901294480365 3.7528517616735617 1.8452967848468105 5.1400404117811016
 5.2138427179573616 4.5805660772582275 7.4240618170377832 4.3028055919455905 5.3061159929768902 5.3542615476814293 3.7528517616735617 9.4592949397924038 5.738803787512647 2.7413609057253057
 7.5674383595446999 1.940212113770853 4.5661028951232403 6.0738043781683366 6.8397044802384803 6.7352406536272991 1.8452967848468105 5.738803787512647 8.3636344120138766 4.5456051031648084
 5.6198317869771186 6.524919370854084 7.8398756942927941 5.3659681285690635 5.6417552411326 5.2815699350908609 5.1400404117811016 2.7413609057253057 4.5456051031648084 8.2911448831427013


---Resultados---
-Norma resultado:1.1468e-10
# name: lambda_res
# type: diagonal matrix
# rows: 10
# columns: 10
-8.4833033752670026
-5.6513864333322212
-4.826573686467257
-4.0438710468967018
-2.0072140707453863
0.82736169074192678
5.1731115487944592
6.5334544615452135
9.2799059998636331
9.6748406075641942


# name: Y_res
# type: matrix
# rows: 10
# columns: 10
 4.6176958652097042 0 0 0 0.096411095380721915 0.017342154538053767 0.14271892238870221 0 5.2970827630637949 0
 0 0 0 0 0 0 7.040699481080722 0.39116676175196574 0 3.7664473985939955
 0 0 1.5154079469631512 0.85521047891598945 0 0 0.028889525880718504 5.0223686982574698 0 4.4220460596399747
 0 0 0.85521047891598945 0 0.67121823110066048 0 0 0 0 1.9845287428149887
 0.096411095380721915 0 0 0.67121823110066048 0 5.5688790465103715 0 0 2.5815441496330109 0
 0.017342154538053767 0 0 0 5.5688790465103715 0 0.97371335405065818 0 2.2596580877485488 0
 0.14271892238870221 7.040699481080722 0.028889525880718504 0 0 0.97371335405065818 0 0 0 0
 0 0.39116676175196574 5.0223686982574698 0 0 0 0 0 0 1.1033848272811539
 5.2970827630637949 0 0 0 2.5815441496330109 2.2596580877485488 0 0 0.34322188362801231 0
 0 3.7664473985939955 4.4220460596399747 1.9845287428149887 0 0 0 1.1033848272811539 0 0


#------------------------------------------#
-Simulacion N.2
Total de iteraciones:1001
Tiempo de ejecucion:1.557
---Datos Iniciales---
# name: lambda
# type: matrix
# rows: 10
# columns: 1
 -6.2789519706386105
 -6.2779238918057363
 -1.2107563653343227
 -0.76100804788073795
 -0.43110892239529797
 3.0105420250849075
 4.0003855880655941
 4.6090662361400447
 5.601885316019473
 6.4872149946373128


# name: Y
# type: matrix
# rows: 10
# columns: 10
 1.2521053993971731 5.1121305528958665 3.7837498700312313 7.5345678065169235 2.9080834813420102 6.2831896249489629 4.2873805069571276 3.9036796787357195 9.0526517591552427 7.1556767772108341
 5.1121305528958665 5.3388974604928805 8.1225917966484324 4.6272136917643625 8.5847850155595165 8.1290411569394756 7.3523710121688461 6.1718801267504375 0.32773048148644679 4.4178099839383735
 3.7837498700312313 8.1225917966484324 3.5071052025345395 7.4558630650283533 5.0418020592350068 2.8005338060975444 6.2707707044340015 3.6115322885905154 1.7228066437369187 6.8371539710643692
 7.5345678065169235 4.6272136917643625 7.4558630650283533 3.1783741684064526 6.5010426566618129 8.6392755276221873 3.6738868729619307 4.5368643136001197 4.1041972937324278 2.6298129722757757
 2.9080834813420102 8.5847850155595165 5.0418020592350068 6.5010426566618129 6.7169990058656452 9.1364723187524284 4.6041403783390287 4.595981549512909 5.3996637630155631 1.9729430927078784
 6.2831896249489629 8.1290411569394756 2.8005338060975444 8.6392755276221873 9.1364723187524284 8.7147874689163736 5.4136412593559236 3.8108681174225367 4.4572707749109144 5.3314884888637408
 4.2873805069571276 7.3523710121688461 6.2707707044340015 3.6738868729619307 4.6041403783390287 5.4136412593559236 9.9846385306823997 3.0300056869715086 4.9911823991885784 3.0115300679752104
 3.9036796787357195 6.1718801267504375 3.6115322885905154 4.5368643136001197 4.595981549512909 3.8108681174225367 3.0300056869715086 5.2458616919533094 6.468237877318094 2.4700135183454535
 9.0526517591552427 0.32773048148644679 1.7228066437369187 4.1041972937324278 5.3996637630155631 4.4572707749109144 4.9911823991885784 6.468237877318094 4.1879312295395259 4.7109192596554585
 7.1556767772108341 4.4178099839383735 6.8371539710643692 2.6298129722757757 1.9729430927078784 5.3314884888637408 3.0115300679752104 2.4700135183454535 4.7109192596554585 4.8274484895148575


---Resultados---
-Norma resultado:0.21575
# name: lambda_res
# type: diagonal matrix
# rows: 10
# columns: 10
-6.1749083703741956
-6.1674755082306847
-1.2107563595169182
-0.76010507595654409
-0.42790470556887533
3.0092400623541002
3.9988256923106622
4.6090662222504024
5.6958911329317665
6.6083366999960198


# name: Y_res
# type: matrix
# rows: 10
# columns: 10
 0 0.88288726265936968 0 0.9751571798239147 0 0 0 0 6.0046042349577089 0
 0.88288726265936968 0 1.4989659974397478 0 0 0 0.0024104713294062921 1.5886421509190383 0 0
 0 1.4989659974397478 0 1.310054049991179 0 0 0 0 0 5.8085964523995282
 0.9751571798239147 0 1.310054049991179 0 0.76275802660670211 1.1989781807631807 0 0 0 0
 0 0 0 0.76275802660670211 0.15306091770910907 2.1486689600120612 0 0 0 0
 0 0 0 1.1989781807631807 2.1486689600120612 2.1744403552314737 0 0 0 0
 0 0.0024104713294062921 0 0 0 0 4.6090648491755992 0 0 0
 0 1.5886421509190383 0 0 0 0 0 2.2436436680795544 0 0
 6.0046042349577089 0 0 0 0 0 0 0 0 0.48519768126682167
 0 0 5.8085964523995282 0 0 0 0 0 0.48519768126682167 0


#------------------------------------------#
-Simulacion N.3
Total de iteraciones:420
Tiempo de ejecucion:0.67994
---Datos Iniciales---
# name: lambda
# type: matrix
# rows: 10
# columns: 1
 -5.541467550440129
 -5.160519061598392
 -2.5335013712776355
 -2.3660107635293848
 -1.6748352765743455
 -1.0450410621297124
 1.0189567101417403
 1.7007471612303213
 7.3711091833535001
 8.3442986487181905


# name: Y
# type: matrix
# rows: 10
# columns: 10
 4.3307304133223621 2.3202312779477499 7.39335745122861 3.1604705703048563 9.0997399601550413 7.5491346354403124 1.7272831063807144 4.1046518253209729 4.3910183587724498 1.399858255567934
 2.3202312779477499 7.7200206076713984 4.8813390360943973 8.4296905441863608 0.85730983825944351 7.7650613522483418 7.1253794310075964 4.7562537486092094 5.1418643094327496 8.6953321806660391
 7.39335745122861 4.8813390360943973 8.5616075526814122 1.8551145212054883 6.1606940967405537 3.3977610429575638 2.0334549983069787 6.1683849045028154 3.70380201287945 9.1351287844204592
 3.1604705703048563 8.4296905441863608 1.8551145212054883 7.8892530467399915 6.718848826062942 6.0957385107676902 5.3112064969059416 3.1769327461932511 1.76660430145489 3.0223269790152441
 9.0997399601550413 0.85730983825944351 6.1606940967405537 6.718848826062942 8.9046785573114686 5.8674293506423671 7.0691946218402268 4.6849942875932999 5.4199043284381538 6.0858222760324683
 7.5491346354403124 7.7650613522483418 3.3977610429575638 6.0957385107676902 5.8674293506423671 1.4415141237121365 5.1666695501881641 2.8559967620323761 5.830660674330403 5.8877101836612518
 1.7272831063807144 7.1253794310075964 2.0334549983069787 5.3112064969059416 7.0691946218402268 5.1666695501881641 4.3665703345524518 4.2582458302182662 6.7135997954104871 5.4262513337095442
 4.1046518253209729 4.7562537486092094 6.1683849045028154 3.1769327461932511 4.6849942875932999 2.8559967620323761 4.2582458302182662 5.6528399309655422 6.6044893933606206 3.59906883442964
 4.3910183587724498 5.1418643094327496 3.70380201287945 1.76660430145489 5.4199043284381538 5.830660674330403 6.7135997954104871 6.6044893933606206 0.98417629839547827 6.0174322132874982
 1.399858255567934 8.6953321806660391 9.1351287844204592 3.0223269790152441 6.0858222760324683 5.8877101836612518 5.4262513337095442 3.59906883442964 6.0174322132874982 6.6471173822413316


---Resultados---
-Norma resultado:1.1379e-10
# name: lambda_res
# type: diagonal matrix
# rows: 10
# columns: 10
-5.5414675504574991
-5.1605190615379009
-2.5335013712722758
-2.3660107635059178
-1.6748352765559771
-1.0450410621093331
1.0189567101282344
1.7007471612347012
7.3711091833165616
8.3442986487919946


# name: Y_res
# type: matrix
# rows: 10
# columns: 10
 0 0 3.9478643973636429 0 4.6262726427860414 0.50472609816768532 0 1.2685411827936137 0 0.00070154712517546229
 0 0 0 3.5181210815251749 0 2.6913299216590834 3.203843320301039 0 0 2.2411519702919129
 3.9478643973636429 0 0 0 1.8776702409334831 0 0 1.1181188680190968 0 1.8366805448924031
 0 3.5181210815251749 0 0.09483837850490083 0 1.8225626515049949 1.7312051589259831 0 0.40010539647260163 0
 4.6262726427860414 0 1.8776702409334831 0 0 0 0 1.4426987405556633 0.11376107389964063 0
 0.50472609816768532 2.6913299216590834 0 1.8225626515049949 0 0 0.94126925671255846 0 0.86561816499848798 0.28591973007126625
 0 3.203843320301039 0 1.7312051589259831 0 0.94126925671255846 0 0.42375631058195234 1.8516699017227449 0
 1.2685411827936137 0 1.1181188680190968 0 1.4426987405556633 0 0.42375631058195234 0 1.8400950092180097 0
 0 0 0 0.40010539647260163 0.11376107389964063 0.86561816499848798 1.8516699017227449 1.8400950092180097 0 1.1721247475249807
 0.00070154712517546229 2.2411519702919129 1.8366805448924031 0 0 0.28591973007126625 0 0 1.1721247475249807 0.018898239527681184


#------------------------------------------#
-Simulacion N.4
Total de iteraciones:1001
Tiempo de ejecucion:1.6368
---Datos Iniciales---
# name: lambda
# type: matrix
# rows: 10
# columns: 1
 -9.5494333939387843
 -6.7027041380860108
 -4.625790477066638
 -1.3174674555975248
 1.9701297742971917
 2.7433756520882984
 4.1617148742068153
 4.3762133665166818
 7.5978535265715301
 9.1586781771868786


# name: Y
# type: matrix
# rows: 10
# columns: 10
 5.9891314536991844 4.8408022696031514 4.0750824571222548 7.3900719126843901 3.5446331086202032 5.5123596280582774 4.7237375015777161 5.199282059310546 5.2463644585504303 7.8276857413683008
 4.8408022696031514 9.0867475975143979 2.4788028926904273 8.5596613335292062 7.1874952502338152 6.1696718113138003 4.0180459635735808 5.6892593092954273 6.0163731787490899 5.2076062461031816
 4.0750824571222548 2.4788028926904273 1.3961029471331821 8.727692382044772 4.9547827346181741 2.2837146218519933 5.3984566102018299 7.2013326789052519 5.2248500333540573 7.5177994451399064
 7.3900719126843901 8.5596613335292062 8.727692382044772 2.7924186079685498 8.3680652420215775 5.5609120263498157 7.650350444626155 4.1195940263582536 4.9418370742110431 3.9056888250729589
 3.5446331086202032 7.1874952502338152 4.9547827346181741 8.3680652420215775 6.6013387746918664 5.8472402568610162 6.5523264096424896 8.6079011655764379 4.6227168681697606 6.0175901163555698
 5.5123596280582774 6.1696718113138003 2.2837146218519933 5.5609120263498157 5.8472402568610162 0.94015346062241711 1.3826907658179004 4.9633281936283584 5.8812421956112386 6.4115884567747843
 4.7237375015777161 4.0180459635735808 5.3984566102018299 7.650350444626155 6.5523264096424896 1.3826907658179004 0.059301116921535169 4.4771211970209013 3.8634389249442922 4.7933405296649489
 5.199282059310546 5.6892593092954273 7.2013326789052519 4.1195940263582536 8.6079011655764379 4.9633281936283584 4.4771211970209013 1.8093508423460647 4.3623302771400985 3.1993887360711968
 5.2463644585504303 6.0163731787490899 5.2248500333540573 4.9418370742110431 4.6227168681697606 5.8812421956112386 3.8634389249442922 4.3623302771400985 0.83880712877757224 2.1896788087702319
 7.8276857413683008 5.2076062461031816 7.5177994451399064 3.9056888250729589 6.0175901163555698 6.4115884567747843 4.7933405296649489 3.1993887360711968 2.1896788087702319 0.17528317762494416


---Resultados---
-Norma resultado:0.76405
# name: lambda_res
# type: diagonal matrix
# rows: 10
# columns: 10
-9.0775728423513318
-6.5064031094148982
-4.6064727145882021
-1.3911363629755278
1.97012977428717
2.7139484043881423
4.1762785292478553
4.4272930060904496
7.585242174772139
9.7180087631740104


# name: Y_res
# type: matrix
# rows: 10
# columns: 10
 1.9701297745528821 0 0 0 0 0 0 1.1425958567687751e-05 0 5.9164644154715345e-05
 0 7.0391858480769161 0 1.7011879097168108 0 0 0 0 0 0
 0 0 0 2.1724671074103137 0 0 0 3.0038229450971921 0 6.7538293572115187
 0 1.7011879097168108 2.1724671074103137 0 0 0 4.4344166319628924 0 0 0
 0 0 0 0 0 1.6478412826532722 0.41657759329301769 4.6447923781233635 0 0
 0 0 0 0 1.6478412826532722 0 0 0 3.8566657210154647 4.8232209649553379
 0 0 0 4.4344166319628924 0.41657759329301769 0 0 0 0 0
 1.1425958567687751e-05 0 3.0038229450971921 0 4.6447923781233635 0 0 0 1.6871919403876752 0
 0 0 0 0 0 3.8566657210154647 0 1.6871919403876752 0 0
 5.9164644154715345e-05 0 6.7538293572115187 0 0 4.8232209649553379 0 0 0 0


#------------------------------------------#
-Simulacion N.5
Total de iteraciones:1001
Tiempo de ejecucion:1.5865
---Datos Iniciales---
# name: lambda
# type: matrix
# rows: 10
# columns: 1
 -8.5244879529106772
 -6.8808681023438396
 -6.1904462059720666
 -2.4023403325440533
 -1.4634847918675842
 -0.51871925017342591
 5.3364859995062925
 7.3495514265811615
 8.561774911240736
 9.9818570753119289


# name: Y
# type: matrix
# rows: 10
# columns: 10
 3.4251090253147867 5.0376197666538491 6.9928478385536366 3.2026102988989424 5.7340217384172698 5.594793944776927 5.8149413246327839 3.3882719797461593 4.1755431254471667 5.0969822753164884
 5.0376197666538491 5.874045610312745 7.0031623205522378 2.1670197602238828 2.9739430708995389 6.0090849785117646 3.7705701555142195 7.8365838470874358 3.6007837361206789 4.0327332387938863
 6.9928478385536366 7.0031623205522378 9.6299228888222181 4.3022698668113151 7.4763051308074786 3.2143338670741239 1.5967817495845649 3.417213262918696 2.6925305505946486 3.5290932575556253
 3.2026102988989424 2.1670197602238828 4.3022698668113151 0.15544945667333776 6.049713228510611 5.8530466628772135 3.7228381974027087 6.8048066142900847 7.4751042024150003 6.0206648337242203
 5.7340217384172698 2.9739430708995389 7.4763051308074786 6.049713228510611 3.2812790300620054 4.9567672760114654 3.8109532440453942 4.1596517572683291 8.0788044329893047 3.0529223238654639
 5.594793944776927 6.0090849785117646 3.2143338670741239 5.8530466628772135 4.9567672760114654 0.55440033365953711 3.3485479471333006 5.8428196747838488 8.2463955542203973 8.7958797485239621
 5.8149413246327839 3.7705701555142195 1.5967817495845649 3.7228381974027087 3.8109532440453942 3.3485479471333006 6.1690890290737137 5.4419139294652643 8.4806705444342398 8.0710895240409588
 3.3882719797461593 7.8365838470874358 3.417213262918696 6.8048066142900847 4.1596517572683291 5.8428196747838488 5.4419139294652643 9.8047753618572191 5.2348325211009588 9.8433514211198947
 4.1755431254471667 3.6007837361206789 2.6925305505946486 7.4751042024150003 8.0788044329893047 8.2463955542203973 8.4806705444342398 5.2348325211009588 6.1887599198358823 4.7154871922252983
 5.0969822753164884 4.0327332387938863 3.5290932575556253 6.0206648337242203 3.0529223238654639 8.7958797485239621 8.0710895240409588 9.8433514211198947 4.7154871922252983 6.8138714234706486


---Resultados---
-Norma resultado:6.3038e-10
# name: lambda_res
# type: diagonal matrix
# rows: 10
# columns: 10
-8.5244879528871103
-6.8808681022152536
-6.1904462058455474
-2.4023403326379693
-1.4634847917208345
-0.5187192499723654
5.3364859993818623
7.3495514265906641
8.5617749110019314
9.9818570757728295


# name: Y_res
# type: matrix
# rows: 10
# columns: 10
 3.8098914742983476 0 0 0.042245133517029167 0 0 4.9176910294726905 0 0 0
 0 0 7.5329833874279295 0 0 0 0 3.2701661907574335 0 0
 0 7.5329833874279295 1.1547485027154432 0 1.6688575770430401 0 0 0 0 0
 0.042245133517029167 0 0 0 3.4452759156721289 2.7345573749730141 0 0 6.1226325729333695 0
 0 0 1.6688575770430401 3.4452759156721289 0 0.19243755617942049 0 0 1.4508165760942211 0
 0 0 0 2.7345573749730141 0.19243755617942049 0 0 0.34775491912292283 1.7221000932913371 2.4670980356201202
 4.9176910294726905 0 0 0 0 0 0 0 1.9522765724845523 2.7757093786673126
 0 3.2701661907574335 0 0 0 0.34775491912292283 0 0.28468280045440403 0 5.3791822446459108
 0 0 0 6.1226325729333695 1.4508165760942211 1.7221000932913371 1.9522765724845523 0 0 0
 0 0 0 0 0 2.4670980356201202 2.7757093786673126 5.3791822446459108 0 0


#------------------------------------------#
-Simulacion N.6
Total de iteraciones:1001
Tiempo de ejecucion:1.5983
---Datos Iniciales---
# name: lambda
# type: matrix
# rows: 10
# columns: 1
 -9.6164314720104507
 -6.3501230410029237
 -6.1497049939256021
 -4.3349753769545263
 -1.6666813508244473
 -0.012029284636357218
 0.30822109686009824
 4.8947842120084122
 7.94083289643104
 8.5921643689235196


# name: Y
# type: matrix
# rows: 10
# columns: 10
 4.3792183455672458 3.5081782027167385 1.8783069145683799 1.0914400327351705 4.3980343461440841 4.3012399347992183 4.8759157044809429 5.37873582740069 3.6406091747742728 1.6655423984249995
 3.5081782027167385 8.3319305388159695 4.5108047399802285 2.7330429068202973 3.5786443604880063 3.8093423999675196 5.8410529778502998 2.7862555281147641 7.4479039310208259 6.8182789205780185
 1.8783069145683799 4.5108047399802285 1.6480627104963919 0.77173574271049095 6.8019709634514385 6.0435647601118987 5.8058231377993117 5.0867604730496447 7.5593314268343255 2.2234692153241733
 1.0914400327351705 2.7330429068202973 0.77173574271049095 5.5299458416680576 8.3243142041698022 3.4064499286778371 4.4881040638431777 8.3546070488898341 3.8413596442828633 7.3848748417723762
 4.3980343461440841 3.5786443604880063 6.8019709634514385 8.3243142041698022 9.5073782509329448 4.0994006389255651 2.8983786879228277 5.1069283255547013 5.0585624540248153 6.4784280140792836
 4.3012399347992183 3.8093423999675196 6.0435647601118987 3.4064499286778371 4.0994006389255651 6.9350588995788911 0.95363974743074287 3.7978971941032569 2.0416087279490549 5.9016852611302557
 4.8759157044809429 5.8410529778502998 5.8058231377993117 4.4881040638431777 2.8983786879228277 0.95363974743074287 4.0817355655274632 4.0684474782126667 2.5681872532738454 5.4417796856196503
 5.37873582740069 2.7862555281147641 5.0867604730496447 8.3546070488898341 5.1069283255547013 3.7978971941032569 4.0684474782126667 4.7374293969660712 2.6784939261787066 1.2743209980520336
 3.6406091747742728 7.4479039310208259 7.5593314268343255 3.8413596442828633 5.0585624540248153 2.0416087279490549 2.5681872532738454 2.6784939261787066 4.4817400703208516 5.11536203314781
 1.6655423984249995 6.8182789205780185 2.2234692153241733 7.3848748417723762 6.4784280140792836 5.9016852611302557 5.4417796856196503 1.2743209980520336 5.11536203314781 6.3921260594701543


---Resultados---
-Norma resultado:2.0219
# name: lambda_res
# type: diagonal matrix
# rows: 10
# columns: 10
-8.9765129322259121
-5.7109127863698665
-5.5104424825245095
-3.6956746472351809
-1.0273071421344737
0.6272441952070078
0.9474336460930306
5.5339733263964401
8.5800231132501796
9.2321757095432773


# name: Y_res
# type: matrix
# rows: 10
# columns: 10
 0 0 0 0 0 3.1304933460535107 4.5922755280999095 2.7639043344463055 0 0
 0 0 3.1755702810960811 0 0 0 0.35467958757934936 0 5.4335104084295178 0
 0 3.1755702810960811 0 0 0 2.4171598429584122 0 0 3.7355945496531335 0
 0 0 0 0 5.6514591736036301 0 0 6.3984994135291782 0 1.2642593384128917
 0 0 0 5.6514591736036301 0 0 0 0 0 1.2515338554304671
 3.1304933460535107 0 2.4171598429584122 0 0 0 0.15273281738645361 0 0 0.12901723449427022
 4.5922755280999095 0.35467958757934936 0 0 0 0.15273281738645361 0 0 0.61255117112868995 0
 2.7639043344463055 0 0 6.3984994135291782 0 0 0 0 0 0
 0 5.4335104084295178 3.7355945496531335 0 0 0 0.61255117112868995 0 0 0
 0 0 0 1.2642593384128917 1.2515338554304671 0.12901723449427022 0 0 0 0


#------------------------------------------#
-Simulacion N.7
Total de iteraciones:1001
Tiempo de ejecucion:1.6033
---Datos Iniciales---
# name: lambda
# type: matrix
# rows: 10
# columns: 1
 -7.5889125104340653
 -5.1949207832713107
 -4.623894612992359
 -2.2747673367383108
 -1.4007268732472244
 -1.1982343163314937
 -0.81189306989080379
 1.2885864291825371
 1.5311492921127829
 7.6186867263341966


# name: Y
# type: matrix
# rows: 10
# columns: 10
 7.9460105020127116 7.8542428312289196 5.8437187413913207 4.515500877403575 3.2569889775755838 7.7432124673899514 5.2868403993041708 6.3631924181035675 5.1485573858642102 2.1735010163519219
 7.8542428312289196 5.3649359614181584 4.6452082146118947 4.5972894193282823 6.8348832917806535 5.7080456755825502 5.996127494581545 4.7942629279479085 6.5797281934399718 3.7412466336842933
 5.8437187413913207 4.6452082146118947 5.2392335545736035 4.8961955777933106 1.7672615982814182 4.0948309868632569 4.3773344902613385 5.7196613428851251 6.4128915462527107 2.2538608382886807
 4.515500877403575 4.5972894193282823 4.8961955777933106 8.7941598624439994 9.4212780909090128 2.9351768051253435 5.2055267172516846 7.0459046107742243 5.8481600551013049 2.9928959861166198
 3.2569889775755838 6.8348832917806535 1.7672615982814182 9.4212780909090128 1.7159235501735948 5.7465406543492792 3.2549224071699476 2.2280811700522491 6.9931816752849958 4.2481032179068663
 7.7432124673899514 5.7080456755825502 4.0948309868632569 2.9351768051253435 5.7465406543492792 4.5710803034257728 7.476403379122174 6.3695082250137265 5.6100944675543909 2.5501321839376421
 5.2868403993041708 5.996127494581545 4.3773344902613385 5.2055267172516846 3.2549224071699476 7.476403379122174 0.66183653586142421 4.2768766501166624 4.1177181175620454 9.2966927189930324
 6.3631924181035675 4.7942629279479085 5.7196613428851251 7.0459046107742243 2.2280811700522491 6.3695082250137265 4.2768766501166624 9.2429714317753415 6.6504920451776783 2.9636316283173869
 5.1485573858642102 6.5797281934399718 6.4128915462527107 5.8481600551013049 6.9931816752849958 5.6100944675543909 4.1177181175620454 6.6504920451776783 2.0217438553864597 7.6167091965132947
 2.1735010163519219 3.7412466336842933 2.2538608382886807 2.9928959861166198 4.2481032179068663 2.5501321839376421 9.2966927189930324 2.9636316283173869 7.6167091965132947 6.3652877950373341


---Resultados---
-Norma resultado:4.0018
# name: lambda_res
# type: diagonal matrix
# rows: 10
# columns: 10
-6.3234198049064627
-3.9294280777437032
-3.3584019074647493
-1.0092746312107057
-0.13523416771961996
0.067258389196110269
0.45359963563679984
2.5540791347101366
2.7966419976403856
8.8841794318618046


# name: Y_res
# type: matrix
# rows: 10
# columns: 10
 0 2.2638976094469223 1.6584006593283744 0.47030909872753424 6.4231871345095958e-16 1.6712799364368061 1.3458629187218261 1.3523236594468782 1.4755474611047939e-15 9.7814126301968366e-15
 2.2638976094469223 0 0.52691043199012277 1.9285984115384393e-14 1.8767730901830235 0.38223940294001224 0.97474940952008327 0.82619123886972878 1.7938014106178826 0.30908517623454235
 1.6584006593283744 0.52691043199012277 0 0.84713268518863805 7.3039247358300838e-14 0.59375109453761998 0.78387869813754119 0.43297839324639342 1.4875617464807604 1.0771852230243792e-13
 0.47030909872753424 1.9285984115384393e-14 0.84713268518863805 0 3.3272095296421957 1.0886692087070222e-14 1.1808436051167437 1.4366584585862952 1.0066894725738149 0.045890204125925788
 6.4231871345095958e-16 1.8767730901830235 7.3039247358300838e-14 3.3272095296421957 0 1.4019696243622624 7.1166720709271755e-14 7.3287223863960284e-14 1.5978378376873241 1.1874934780512105
 1.6712799364368061 0.38223940294001224 0.59375109453761998 1.0886692087070222e-14 1.4019696243622624 0 2.4352798254489949 1.4553024717744734 1.3228686878222877 1.1074525675275172e-16
 1.3458629187218261 0.97474940952008327 0.78387869813754119 1.1808436051167437 7.1166720709271755e-14 2.4352798254489949 0 1.0635438349433759e-14 0.01731487310024539 3.8794699612408348
 1.3523236594468782 0.82619123886972878 0.43297839324639342 1.4366584585862952 7.3287223863960284e-14 1.4553024717744734 1.0635438349433759e-14 0 1.4213318061125184 0.016218774382922262
 1.4755474611047939e-15 1.7938014106178826 1.4875617464807604 1.0066894725738149 1.5978378376873241 1.3228686878222877 0.01731487310024539 1.4213318061125184 0 2.1824708975390594
 9.7814126301968366e-15 0.30908517623454235 1.0771852230243792e-13 0.045890204125925788 1.1874934780512105 1.1074525675275172e-16 3.8794699612408348 0.016218774382922262 2.1824708975390594 0


#------------------------------------------#
-Simulacion N.8
Total de iteraciones:1001
Tiempo de ejecucion:1.6394
---Datos Iniciales---
# name: lambda
# type: matrix
# rows: 10
# columns: 1
 -9.5147553478750275
 -4.9252536521253703
 -4.5619524880530582
 2.4318905905904735
 2.8996932941967319
 4.1025668265073119
 4.8054718496742606
 6.4464339741234724
 6.5546018222323958
 8.4476060499458292


# name: Y
# type: matrix
# rows: 10
# columns: 10
 8.2405816971434813 5.5976975048632678 3.4424007915822044 1.7707540382230058 8.2692273784860273 3.1858846925095339 9.2776369680640123 4.6445724394699175 8.2451300985907245 4.940762064858129
 5.5976975048632678 5.209775497257235 5.9781599854013336 5.2922421630723653 6.6324771100314903 1.1133223921775548 3.7263056182585919 7.7714168069258349 5.8174867920621143 1.8010980893174406
 3.4424007915822044 5.9781599854013336 0.66340454384918646 5.2378162392815319 5.5486874478122257 6.1793435478755878 3.3303781032563649 6.0531427340042576 3.6033608923758385 7.7110645670377851
 1.7707540382230058 5.2922421630723653 5.2378162392815319 9.2947213584844821 4.9483772402479076 0.61310269757900826 6.5628817093959331 5.0861756867111945 4.5305292453119916 4.6519942754794936
 8.2692273784860273 6.6324771100314903 5.5486874478122257 4.9483772402479076 4.3248576374733707 6.8276553851509201 9.0872898541609395 6.9164604110878383 4.0219016345143279 3.7451979985983241
 3.1858846925095339 1.1133223921775548 6.1793435478755878 0.61310269757900826 6.8276553851509201 9.0401946490188365 4.6299245722861126 2.5896313891805205 3.2265929004897953 7.424226928727208
 9.2776369680640123 3.7263056182585919 3.3303781032563649 6.5628817093959331 9.0872898541609395 4.6299245722861126 9.1118295985031477 4.0030923658793967 5.6428518623991835 3.6364998923200029
 4.6445724394699175 7.7714168069258349 6.0531427340042576 5.0861756867111945 6.9164604110878383 2.5896313891805205 4.0030923658793967 9.0242566786146377 5.7192018633836028 5.457175639747577
 8.2451300985907245 5.8174867920621143 3.6033608923758385 4.5305292453119916 4.0219016345143279 3.2265929004897953 5.6428518623991835 5.7192018633836028 8.2619890447314575 4.1991044921448744
 4.940762064858129 1.8010980893174406 7.7110645670377851 4.6519942754794936 3.7451979985983241 7.424226928727208 3.6364998923200029 5.457175639747577 4.1991044921448744 7.7045011637227887


---Resultados---
-Norma resultado:0.75624
# name: lambda_res
# type: diagonal matrix
# rows: 10
# columns: 10
-8.9805531487396113
-4.924086988115941
-4.5596405208043382
2.4318891901620323
2.8996865574122075
4.1042999304545873
4.8067409614673915
6.4452350677197936
6.5546017939992423
8.9828749103955126


# name: Y_res
# type: matrix
# rows: 10
# columns: 10
 0 0 0 0 0 0 0.42708820406805936 0 0.078163201082687331 5.7878556085188855
 0 0 7.2593559410482955 0 1.1180026745564529 0 0 0 0 0
 0 7.2593559410482955 0 0 0 0 0 0 0 3.9333052479031005
 0 0 0 5.8658021016079198 0 0.093386098229937112 1.3411562198422402 0 0 0
 0 1.1180026745564529 0 0 0 0.19630025454620043 4.6639775851669967 0 0 0
 0 0 0 0.093386098229937112 0.19630025454620043 2.8912958456399207 0 0 0.087109611151551927 0
 0.42708820406805936 0 0 1.3411562198422402 4.6639775851669967 0 0 0 0 0
 0 0 0 0 0 0 0 6.5528801868794631 0.0840162775742751 0
 0.078163201082687331 0 0 0 0 0.087109611151551927 0 0.0840162775742751 2.451069619823576 0
 5.7878556085188855 0 3.9333052479031005 0 0 0 0 0 0 0


#------------------------------------------#
-Simulacion N.9
Total de iteraciones:1001
Tiempo de ejecucion:1.6518
---Datos Iniciales---
# name: lambda
# type: matrix
# rows: 10
# columns: 1
 -9.4250608288634794
 -7.997662743549057
 -6.0729070487661936
 -2.8028925731220022
 0.1786973982759914
 1.4642318944878205
 3.662119741211594
 4.1225929349769341
 5.6702997494047818
 6.9163200503851456


# name: Y
# type: matrix
# rows: 10
# columns: 10
 5.0791192305423651 7.4226587734973712 7.3437809722523193 3.9383710423079155 0.96764447993420821 3.8867378635848917 4.6354737794495371 3.4660587990322176 6.8317143234624309 6.8790796739886435
 7.4226587734973712 9.3371544639573063 2.3536931141289124 1.8274924714982377 5.6938136225365819 8.1211340127311988 4.0879355497972281 3.7562132575470062 4.1762920287656122 4.4448961553495749
 7.3437809722523193 2.3536931141289124 6.4150589628461283 5.1891758683949138 3.0820260340059913 3.9558287336734215 1.9072519858747601 5.6057623512900721 2.8186612777877178 1.9944496712152708
 3.9383710423079155 1.8274924714982377 5.1891758683949138 4.7470980827877343 4.0594664035180372 5.7907860606346917 8.574696770001065 3.2492137655490425 4.0223647731987846 5.342760751810145
 0.96764447993420821 5.6938136225365819 3.0820260340059913 4.0594664035180372 9.9906190844083369 5.5580396912755532 4.0350105322271475 1.9399316926952954 5.4392982333684357 4.3732783224494103
 3.8867378635848917 8.1211340127311988 3.9558287336734215 5.7907860606346917 5.5580396912755532 3.4461884106385208 4.1295267764871664 3.1799481379282923 6.4043003171988682 2.7318144662776702
 4.6354737794495371 4.0879355497972281 1.9072519858747601 8.574696770001065 4.0350105322271475 4.1295267764871664 8.3160647671498449 5.9817846566001869 6.8506497788860772 7.772864092320444
 3.4660587990322176 3.7562132575470062 5.6057623512900721 3.2492137655490425 1.9399316926952954 3.1799481379282923 5.9817846566001869 0.63182064621492118 4.6390051585766914 2.6117839788726744
 6.8317143234624309 4.1762920287656122 2.8186612777877178 4.0223647731987846 5.4392982333684357 6.4043003171988682 6.8506497788860772 4.6390051585766914 1.1307070240789452 3.3854625104615423
 6.8790796739886435 4.4448961553495749 1.9944496712152708 5.342760751810145 4.3732783224494103 2.7318144662776702 7.772864092320444 2.6117839788726744 3.3854625104615423 2.9787489644411966


---Resultados---
-Norma resultado:2.6224
# name: lambda_res
# type: diagonal matrix
# rows: 10
# columns: 10
-8.0166863220431335
-6.9792111485375852
-5.5133996761429671
-2.8076629286102919
-2.7415684848698734e-16
1.4642318944878219
3.8268114921066232
4.4070173068035645
6.5399019470758928
8.5432293293478967


# name: Y_res
# type: matrix
# rows: 10
# columns: 10
 0 1.1843599629154804 5.0361947041052826 0.035770376559162792 0 0 0 0 0.094612078837138319 4.2277763820827214
 1.1843599629154804 0 0 0 1.580399197281084e-10 6.3979300722273784 0.089698857826634157 0 0 0
 5.0361947041052826 0 0 0 2.0753287273985625e-10 0.01725098963622812 0 3.4894047341991783 0 0
 0.035770376559162792 0 0 0 0 2.6642969756828592 4.4415724404292725 0 0 0
 0 1.580399197281084e-10 2.0753287273985625e-10 0 1.4642318944878201 0 0 0 2.2632369723077931e-10 0
 0 6.3979300722273784 0.01725098963622812 2.6642969756828592 0 0 0 0 0.84671490555018591 0.14231515107160841
 0 0.089698857826634157 0 4.4415724404292725 0 0 0 2.1387460241874043 0 2.4792006727058125
 0 0 3.4894047341991783 0 0 0 2.1387460241874043 0 3.8063501646433546 0
 0.094612078837138319 0 0 0 2.2632369723077931e-10 0.84671490555018591 0 3.8063501646433546 0 0
 4.2277763820827214 0 0 0 0 0.14231515107160841 2.4792006727058125 0 0 0


#------------------------------------------#
-Simulacion N.10
Total de iteraciones:1001
Tiempo de ejecucion:1.6397
---Datos Iniciales---
# name: lambda
# type: matrix
# rows: 10
# columns: 1
 -7.0072958380058203
 -4.8877664398917915
 -3.68575808810645
 -3.6704055506515427
 -3.3613784504580924
 -0.020321611370588855
 1.0020908495945342
 1.5499938716188169
 2.8267742628095061
 4.9361197358479298


# name: Y
# type: matrix
# rows: 10
# columns: 10
 2.9097583863571028 6.8230596083780464 7.0604440125180066 5.7034016240370242 8.1823408054754712 4.5684817537817226 5.5124179202733279 2.9048288411880039 4.7435727170212258 4.7865194862059663
 6.8230596083780464 9.5979630185464906 5.7725270524589414 5.9451439867868867 3.6922630614835223 4.8883965371701956 4.9644172056667326 4.6877257988828465 5.0817301438089242 6.7276432222248825
 7.0604440125180066 5.7725270524589414 9.6867280183279689 5.137427543285078 8.8133021522714294 8.2095316212377636 2.3759918671424956 7.1725514310084701 8.0980918570311999 2.9604777659393067
 5.7034016240370242 5.9451439867868867 5.137427543285078 0.54661072247177311 3.7147092363177356 4.8580003565188568 5.1845141452112502 3.8677093759134413 4.6007940899615249 9.3787861992377408
 8.1823408054754712 3.6922630614835223 8.8133021522714294 3.7147092363177356 6.1269553471676144 2.1620737450900811 4.2773848957361844 3.5729748838945774 8.0697715982713447 2.3384448544388987
 4.5684817537817226 4.8883965371701956 8.2095316212377636 4.8580003565188568 2.1620737450900811 1.6774375788336027 4.1940528636412813 5.3921670339436574 6.4307839504344386 4.4110326847905155
 5.5124179202733279 4.9644172056667326 2.3759918671424956 5.1845141452112502 4.2773848957361844 4.1940528636412813 4.8339152978462119 7.5691015940047937 7.4386519463820537 9.6061019603382203
 2.9048288411880039 4.6877257988828465 7.1725514310084701 3.8677093759134413 3.5729748838945774 5.3921670339436574 7.5691015940047937 0.82105422754448432 8.6667688943487242 4.8574362161773514
 4.7435727170212258 5.0817301438089242 8.0980918570311999 4.6007940899615249 8.0697715982713447 6.4307839504344386 7.4386519463820537 8.6667688943487242 8.5541306939474584 2.6747855503880613
 4.7865194862059663 6.7276432222248825 2.9604777659393067 9.3787861992377408 2.3384448544388987 4.4110326847905155 9.6061019603382203 4.8574362161773514 2.6747855503880613 5.4707765287333689


---Resultados---
-Norma resultado:3.8953
# name: lambda_res
# type: diagonal matrix
# rows: 10
# columns: 10
-5.7755011121444708
-3.6559717140304406
-2.4539633622451023
-2.4386108247901905
-2.1295837245967424
1.2114731144907631
2.233885575455882
2.7817885974801664
4.05856898867086
6.1679144617092776


# name: Y_res
# type: matrix
# rows: 10
# columns: 10
 0 1.7813206561657049 5.977641620404473e-14 1.1454823478792584 2.7615779774908864 1.8255044465732757e-16 0.14942179481974088 1.4691881953576641e-15 5.3253285721668729e-16 2.6395188099852209e-15
 1.7813206561657049 0 0 1.470325948328348e-15 0.018175327020841837 0.3255591364912554 2.6846501699040267e-15 1.5940933118919374 1.4032684320298086e-14 1.7868664060094235e-14
 5.977641620404473e-14 0 0 0.19913333148900775 1.4200284310484026 2.4812366519513267 1.2795811126740164e-15 0.67034572391101988 0.51202011619284149 3.7749537283637294e-15
 1.1454823478792584 1.470325948328348e-15 0.19913333148900775 0 3.7030202514008063e-15 0.71346330099506994 2.7645219876376178e-15 2.2255316256127937e-15 2.449396128917549e-16 4.5932536284871439
 2.7615779774908864 0.018175327020841837 1.4200284310484026 3.7030202514008063e-15 0 3.5719618804441092e-15 3.0791508383738708e-16 1.4685814498113402e-14 1.436356242714814 1.3663435576561613e-14
 1.8255044465732757e-16 0.3255591364912554 2.4812366519513267 0.71346330099506994 3.5719618804441092e-15 0 1.1394884343024714e-14 1.0522953932871837 0.0018689338772555641 1.0308164571544477e-16
 0.14942179481974088 2.6846501699040267e-15 1.2795811126740164e-15 2.7645219876376178e-15 3.0791508383738708e-16 1.1394884343024714e-14 0 1.5703472203377911 2.4225030905890543 2.7234137769069471
 1.4691881953576641e-15 1.5940933118919374 0.67034572391101988 2.2255316256127937e-15 1.4685814498113402e-14 1.0522953932871837 1.5703472203377911 0 1.3169830806069844 1.4781951011022366e-15
 5.3253285721668729e-16 1.4032684320298086e-14 0.51202011619284149 2.449396128917549e-16 1.436356242714814 0.0018689338772555641 2.4225030905890543 1.3169830806069844 0 3.4751689507461262e-15
 2.6395188099852209e-15 1.7868664060094235e-14 3.7749537283637294e-15 4.5932536284871439 1.3663435576561613e-14 1.0308164571544477e-16 2.7234137769069471 1.4781951011022366e-15 3.4751689507461262e-15 0


#------------------------------------------#
-Simulacion N.11
Total de iteraciones:1001
Tiempo de ejecucion:1.6519
---Datos Iniciales---
# name: lambda
# type: matrix
# rows: 10
# columns: 1
 -8.5864256974526132
 -6.5256186331805317
 -6.3559233503954822
 -5.8033824214783047
 -5.0738335991375134
 -3.2200365795114516
 -2.5132147606704169
 3.3536887321151916
 5.8864419801762971
 7.4835742516664219


# name: Y
# type: matrix
# rows: 10
# columns: 10
 6.7267517694728909 1.4182459321294227 4.8497936889821602 1.4020014526670406 4.573020064245358 2.7365989618128066 5.0718797632360646 4.3120669804546399 8.381434140677225 3.7825747243932177
 1.4182459321294227 4.5934866450370526 2.3076381537007631 7.0982718942962144 4.8271231849595573 6.8526330932900139 2.309237609822155 2.4870781137479683 5.2516180230190148 3.4947226515210215
 4.8497936889821602 2.3076381537007631 1.506671246285487 9.0448973166053914 5.792540682046873 3.3594024779112077 6.0572028045133433 4.0907412057318648 4.7076602416170594 8.3077578828569418
 1.4020014526670406 7.0982718942962144 9.0448973166053914 4.0267602724969844 4.2580608933108568 7.6895752287809236 7.548817504812801 1.4096082929221976 2.7566589632060232 0.16316800944363885
 4.573020064245358 4.8271231849595573 5.792540682046873 4.2580608933108568 6.024546192942565 3.938765747146761 6.330605682251905 3.0718535498921327 3.0541273552839501 3.9424220421137761
 2.7365989618128066 6.8526330932900139 3.3594024779112077 7.6895752287809236 3.938765747146761 9.8186519972059827 6.168501893373258 3.7337232770008604 6.5579586551976092 8.1906755652234349
 5.0718797632360646 2.309237609822155 6.0572028045133433 7.548817504812801 6.330605682251905 6.168501893373258 9.692170590104217 4.0939843840308265 4.5453731022200765 4.095381995538327
 4.3120669804546399 2.4870781137479683 4.0907412057318648 1.4096082929221976 3.0718535498921327 3.7337232770008604 4.0939843840308265 2.490575634942668 3.1216611661866516 5.806433413347917
 8.381434140677225 5.2516180230190148 4.7076602416170594 2.7566589632060232 3.0541273552839501 6.5579586551976092 4.5453731022200765 3.1216611661866516 0.736012486246308 4.5905155159911128
 3.7825747243932177 3.4947226515210215 8.3077578828569418 0.16316800944363885 3.9424220421137761 8.1906755652234349 4.095381995538327 5.806433413347917 4.5905155159911128 0.32242591852881364


---Resultados---
