#Resultados de la simulacion de P2.
#------------------------------------------#
-Precision:eps(10^-10)
-Dimension:20
-Maximo de Iteraciones:1000
-Maximo de Simulaciones:100
#------------------------------------------#
-Simulacion N.1
Total de iteraciones:690
Tiempo de ejecucion:6.0381
---Datos Iniciales---
# name: lambda
# type: matrix
# rows: 20
# columns: 1
 -7.5482386894815097
 -7.4732365852496185
 -6.6604006783880765
 -6.1245572072159966
 -3.659321025967202
 -2.1017606485934408
 -1.1716757513857328
 -0.62222787132425239
 -0.44735175238952429
 -0.10177671583150349
 0.40062342709980037
 2.2205734059229272
 2.4629355970316187
 3.3503586831380527
 5.2448007551356284
 6.2609649358374924
 6.5484135265165584
 6.8082315966945188
 7.2448658503550334
 9.4066482344431392


# name: Y
# type: matrix
# rows: 20
# columns: 20
 9.163449928883324 8.8943045738536064 5.9592571791385964 6.2556879286533977 5.5105059720153138 5.6067335593683882 6.7673203756317903 3.345124754868178 1.7695329574674656 9.6190995637064454 4.6024063437924649 5.6005933293408781 3.2397692876436768 4.2034133433369423 5.6007179576365624 4.2926706598102315 5.2788725685500966 4.7289246248536072 7.2671149379360376 3.9861217402819755
 8.8943045738536064 7.0995372307016611 5.259881123033681 5.9629560188093844 5.5808759966017654 3.4739625270287373 4.214301982379042 8.4794641969311808 4.0115982711206639 1.7021177400569321 8.9014081401124479 8.2842001229369817 5.8551986298074183 2.8685669168871351 6.0788968642645536 3.2839057768075675 4.7482805247005935 3.8056599079693005 4.5966125271210458 7.9266926474518602
 5.9592571791385964 5.259881123033681 6.7162945517650865 3.7864229731825292 3.0848635333048122 7.0385319276448151 6.488524454466031 7.523164056029878 4.1343402691712141 1.6719212734982922 5.5094923908289699 5.4701553921817894 4.9405624661152387 2.0566789301159396 3.9221732296659932 4.2647431673407858 4.4125288132082128 3.1197215843069732 5.6229969163013287 6.326621435652994
 6.2556879286533977 5.9629560188093844 3.7864229731825292 5.12345423863637 4.4440151930088732 4.8531022249775653 3.4743006426536764 8.2035570100699431 5.459283815810128 4.0849765199460606 1.8924741242828402 9.5185985618025821 2.3372778470683251 3.163627362372512 7.0967022195365042 4.2275020789528543 4.6825130235859085 5.6010610877527309 1.4859662494504478 4.8669878258151975
 5.5105059720153138 5.5808759966017654 3.0848635333048122 4.4440151930088732 9.4758906173540964 9.4395902250012256 6.8773660964888919 3.5420470771616137 7.4633511777435295 2.2686948080310678 5.7316834667624974 5.1429898711958337 2.4037457554236021 6.0443129580144879 8.6879728711620192 6.9615813639970119 3.6071162402356522 3.946587110826663 4.1511022562216331 3.6140290546697758
 5.6067335593683882 3.4739625270287373 7.0385319276448151 4.8531022249775653 9.4395902250012256 8.4919698650133029 5.0178799535262097 4.2992857867924625 8.1137645707927746 5.0526131468951245 5.4321651838404303 5.6826785560232764 4.2702077940400178 2.1368981962594975 9.0296149019472516 0.9729264694684514 3.1526491338830027 6.7743262798551491 4.3270722903623176 2.9174979024749246
 6.7673203756317903 4.214301982379042 6.488524454466031 3.4743006426536764 6.8773660964888919 5.0178799535262097 3.1665730023784908 3.6338150057915106 4.0221881627346967 2.8252854870521462 5.4109360176722205 5.9405190732095043 8.7599098582283492 3.6376685150770545 4.4226182335248776 3.554861798343866 1.6472094808080773 4.0981843222663628 6.7817927174382682 5.992883621410777
 3.345124754868178 8.4794641969311808 7.523164056029878 8.2035570100699431 3.5420470771616137 4.2992857867924625 3.6338150057915106 7.0690546575626376 7.8274341051073328 3.1105793074685826 7.0302910660502889 4.4954452607818842 5.6846009784186489 9.0960090383560814 5.2891167608345775 4.9961089446553704 9.5015808185066639 3.7750777416184329 7.4880029468189422 7.3985707736948623
 1.7695329574674656 4.0115982711206639 4.1343402691712141 5.459283815810128 7.4633511777435295 8.1137645707927746 4.0221881627346967 7.8274341051073328 7.3978663229033721 5.946958379207679 8.4488145461738782 6.8879998535453408 4.5765573525073364 3.2157243130541144 7.9235378936626883 1.8224136570107725 3.8410538421299392 3.5714632651376199 2.8849271701540058 3.0637584708256234
 9.6190995637064454 1.7021177400569321 1.6719212734982922 4.0849765199460606 2.2686948080310678 5.0526131468951245 2.8252854870521462 3.1105793074685826 5.946958379207679 6.3076824554482229 7.2581607282247287 6.2844045471983065 7.6493934062458742 7.5642810875713042 4.7744996267488187 4.9056186986837114 6.3681996741284079 1.6471212578420591 4.121841676531063 5.8666674324002859
 4.6024063437924649 8.9014081401124479 5.5094923908289699 1.8924741242828402 5.7316834667624974 5.4321651838404303 5.4109360176722205 7.0302910660502889 8.4488145461738782 7.2581607282247287 6.0783501666766657 3.8617919883082266 4.3357305855340238 3.5245848033725782 9.5469295655284796 3.7332920980862565 3.3802905784791752 5.9171700046229887 6.1002270641155274 4.94633115846315
 5.6005933293408781 8.2842001229369817 5.4701553921817894 9.5185985618025821 5.1429898711958337 5.6826785560232764 5.9405190732095043 4.4954452607818842 6.8879998535453408 6.2844045471983065 3.8617919883082266 5.7725825970149058 4.0870447090307387 6.4369787548372317 7.6423934794507362 2.6988552140709676 4.6999197656028873 3.7122299063201147 2.8156174800108529 2.8386946319280186
 3.2397692876436768 5.8551986298074183 4.9405624661152387 2.3372778470683251 2.4037457554236021 4.2702077940400178 8.7599098582283492 5.6846009784186489 4.5765573525073364 7.6493934062458742 4.3357305855340238 4.0870447090307387 5.7248198211543988 2.6699453640100566 4.4603595656098864 1.3462083558613258 4.412821688929478 7.9186010817609862 2.3838470419591289 3.0061853328462513
 4.2034133433369423 2.8685669168871351 2.0566789301159396 3.163627362372512 6.0443129580144879 2.1368981962594975 3.6376685150770545 9.0960090383560814 3.2157243130541144 7.5642810875713042 3.5245848033725782 6.4369787548372317 2.6699453640100566 8.0495838276600491 7.9352428020781982 4.1212719199641645 6.4914345414617287 5.7982777907125866 5.4252829254465151 7.6923651068003087
 5.6007179576365624 6.0788968642645536 3.9221732296659932 7.0967022195365042 8.6879728711620192 9.0296149019472516 4.4226182335248776 5.2891167608345775 7.9235378936626883 4.7744996267488187 9.5469295655284796 7.6423934794507362 4.4603595656098864 7.9352428020781982 2.5098152234814943 6.802118641403907 5.5710119967708067 1.7634014957815713 8.0087175623401006 1.6212336347787242
 4.2926706598102315 3.2839057768075675 4.2647431673407858 4.2275020789528543 6.9615813639970119 0.9729264694684514 3.554861798343866 4.9961089446553704 1.8224136570107725 4.9056186986837114 3.7332920980862565 2.6988552140709676 1.3462083558613258 4.1212719199641645 6.802118641403907 6.650652438694415 3.4608112266624325 6.9859279203928972 3.0180016553870157 4.2632114451932779
 5.2788725685500966 4.7482805247005935 4.4125288132082128 4.6825130235859085 3.6071162402356522 3.1526491338830027 1.6472094808080773 9.5015808185066639 3.8410538421299392 6.3681996741284079 3.3802905784791752 4.6999197656028873 4.412821688929478 6.4914345414617287 5.5710119967708067 3.4608112266624325 7.6299615331855817 6.5353518316047179 5.0655628071880621 8.2341064400772321
 4.7289246248536072 3.8056599079693005 3.1197215843069732 5.6010610877527309 3.946587110826663 6.7743262798551491 4.0981843222663628 3.7750777416184329 3.5714632651376199 1.6471212578420591 5.9171700046229887 3.7122299063201147 7.9186010817609862 5.7982777907125866 1.7634014957815713 6.9859279203928972 6.5353518316047179 0.90267054442711436 6.6802657917394566 3.547551566898191
 7.2671149379360376 4.5966125271210458 5.6229969163013287 1.4859662494504478 4.1511022562216331 4.3270722903623176 6.7817927174382682 7.4880029468189422 2.8849271701540058 4.121841676531063 6.1002270641155274 2.8156174800108529 2.3838470419591289 5.4252829254465151 8.0087175623401006 3.0180016553870157 5.0655628071880621 6.6802657917394566 3.2984810251689236 5.253379177723434
 3.9861217402819755 7.9266926474518602 6.326621435652994 4.8669878258151975 3.6140290546697758 2.9174979024749246 5.992883621410777 7.3985707736948623 3.0637584708256234 5.8666674324002859 4.94633115846315 2.8386946319280186 3.0061853328462513 7.6923651068003087 1.6212336347787242 4.2632114451932779 8.2341064400772321 3.547551566898191 5.253379177723434 9.8385417753402002


---Resultados---
-Norma resultado:1.1595e-10
# name: lambda_res
# type: diagonal matrix
# rows: 20
# columns: 20
-7.5482386894831501
-7.4732365852189213
-6.6604006783658951
-6.1245572071989924
-3.6593210259588718
-2.1017606485945528
-1.171675751405612
-0.62222787131720436
-0.44735175239796965
-0.10177671583752419
0.40062342711431559
2.2205734059099962
2.4629355970296487
3.3503586831441265
5.2448007551477938
6.2609649358131403
6.5484135265097114
6.8082315966604972
7.2448658503535182
9.4066482345342592


# name: Y_res
# type: matrix
# rows: 20
# columns: 20
 0 2.6073214725810994 0 0 0 0 0 0 0 4.7313568897762828 0 0.01193648276323939 0 0 0 0 0 0 4.0275909849681302 0
 2.6073214725810994 0 0 0 0 0 0 0 0 0 2.3040696677659676 2.1857176472009159 0 0 0 0 0 0 0 1.8090836042668936
 0 0 0.28013152360084581 0 0 2.4769729843345401 3.9287690399017556 0.015308681155544002 0 0 0 0 0 0 0 0.082512917545265629 0 0 0 1.3721744127051547
 0 0 0 0 0 0 0 2.6577232052554907 0 0.015731227630137064 0 4.7890517168953508 0 0 0.21758793115245223 0 0 0.025220200444466816 0 0
 0 0 0 0 0.01672563981154784 2.9062292826095484 1.3060900001746822 0 0 0 0 0 0 0.62669241586651458 0.43085482392863939 2.9427896937651834 0 0 0 0
 0 0 2.4769729843345401 0 2.9062292826095484 0 0 0 1.5351943692020915 0 0 0 0 0 2.4729886136801289 0 0 0.76237786459911194 0 0
 0 0 3.9287690399017556 0 1.3060900001746822 0 0 0 0 0 0 0 4.7419033417453997 0 0 0 0 0 1.4818723622358074 0
 0 0 0.015308681155544002 2.6577232052554907 0 0 0 0.049629448980235413 1.3195553803792437 0 0 0 0 1.6302793996434815 0 0.0025927643454423908 2.9180709923337038 0 0 0
 0 0 0 0 0 1.5351943692020915 0 1.3195553803792437 0.57477843979965981 0.019057207614795679 3.2596755609911199 2.4267564478100416 0 0 0 0.070860235100831115 0 0 0 0
 4.7313568897762828 0 0 0.015731227630137064 0 0 0 0 0.019057207614795679 0 0 0 2.5359369364828219 2.2715146737267391 0 0 0 0 0 0
 0 2.3040696677659676 0 0 0 0 0 0 3.2596755609911199 0 0 0.0008770119755662734 0 0 2.7237387983063854 0 0 0 0 0
 0.01193648276323939 2.1857176472009159 0 4.7890517168953508 0 0 0 0 2.4267564478100416 0 0.0008770119755662734 0 0 0 0.014114903069747491 0 0 0 0 0
 0 0 0 0 0 0 4.7419033417453997 0 0 2.5359369364828219 0 0 0 0 0 0 0 2.1099895976072869 0 0
 0 0 0 0 0.62669241586651458 0 0 1.6302793996434815 0 2.2715146737267391 0 0 0 1.6338052423615135 0 0 1.2272636468887987 0.9388075263085377 0 0
 0 0 0 0.21758793115245223 0.43085482392863939 2.4729886136801289 0 0 0 0 2.7237387983063854 0.014114903069747491 0 0 0 2.352194092298026 0 0 1.7040847722155683 0
 0 0 0.082512917545265629 0 2.9427896937651834 0 0 0.0025927643454423908 0.070860235100831115 0 0 0 0 0 2.352194092298026 2.1141409615641797 0 2.4911488745934438 0 0
 0 0 0 0 0 0 0 2.9180709923337038 0 0 0 0 0 1.2272636468887987 0 0 3.4800764429435338 1.863624643677634 0 0.63999813221033786
 0 0 0 0.025220200444466816 0 0.76237786459911194 0 0 0 0 0 0 2.1099895976072869 0.9388075263085377 0 2.4911488745934438 1.863624643677634 0 0.7150617864629043 0
 4.0275909849681302 0 0 0 0 0 1.4818723622358074 0 0 0 0 0 0 0 1.7040847722155683 0 0 0.7150617864629043 0 0
 0 1.8090836042668936 1.3721744127051547 0 0 0 0 0 0 0 0 0 0 0 0 0 0.63999813221033786 0 0 5.8885813873768083


#------------------------------------------#
-Simulacion N.2
Total de iteraciones:1001
Tiempo de ejecucion:8.8291
---Datos Iniciales---
# name: lambda
# type: matrix
# rows: 20
# columns: 1
 -8.9791337077859374
 -8.7980659368365011
 -7.2864530008199413
 -7.2253855835109526
 -2.02723388489024
 -1.3203494521212242
 -0.59806184368582471
 1.0996558371742573
 1.2588986001009221
 1.4555044097524199
 1.8911311120901644
 2.1719692702010143
 4.8270296104434411
 5.8330896544841231
 6.4687789556666004
 6.5994040009913881
 6.6639193056718717
 6.9488073446104366
 7.4389665809249088
 8.0808722580625876


# name: Y
# type: matrix
# rows: 20
# columns: 20
 4.3595261665434917 5.4943704153179826 5.6681225595673892 7.6898663073527764 5.3750116859307377 5.2287469490370952 5.1155504973568053 3.0156437916068293 7.2757651921151538 2.3136189834422751 5.9054175522083696 2.0151018814946133 9.1344604709963253 7.4844015196342806 4.1466995523896699 5.4210627089720571 5.3270164460949001 7.0556079665211486 5.2053869277295934 5.396792967262118
 5.4943704153179826 5.0401340937226475 6.9242806824146044 7.0710318049458438 9.0150150926160002 4.3942918897317984 6.2657505605612904 4.932482308372542 4.8200410685681678 5.838745514861321 7.0916395569019146 8.2452480787564326 4.5052279858164468 4.8066613401809333 4.2898292034074714 4.5441092590271612 5.5764700888993382 3.7330129923996425 3.0360393061899318 5.7681266134864009
 5.6681225595673892 6.9242806824146044 1.0769182733778515 2.8738605549212561 5.0321776333843786 4.1286609640450891 5.3028652825277636 1.412325911319587 3.6947963932151122 3.7331650672565755 1.1286059935206767 5.0718319537427421 8.9823733422531156 5.3070507237122113 4.8489888876139497 0.79463458869136916 5.7229554800189497 2.3920332352001563 4.1638450470092998 7.743283245179537
 7.6898663073527764 7.0710318049458438 2.8738605549212561 1.3158203407635471 4.7833645635280213 3.3491603104718788 1.4374990406811499 5.8476814669659838 4.8562129420807931 5.6444785574364547 5.7066807127425934 2.8428067029640802 5.0951259136172631 4.0206233032878398 3.1806562889779935 6.1886521506693857 4.7952821868330471 6.3164972107457302 4.2447917553852017 1.2755304302046127
 5.3750116859307377 9.0150150926160002 5.0321776333843786 4.7833645635280213 5.9485415880316559 4.6192854780186696 6.4627390694569344 3.0957840468783968 6.320896455209251 2.1859427920185008 5.3344372785755292 5.7885297763019228 4.0137929130134991 3.2867684305496891 2.0728575619876461 2.2080591903410567 3.9571164522741582 4.9442005185568121 5.188264547330931 5.6132065868263075
 5.2287469490370952 4.3942918897317984 4.1286609640450891 3.3491603104718788 4.6192854780186696 5.6531816605429706 3.6428342365319026 5.986838729012721 4.8332992623881239 1.8461202123810105 6.3953965872554495 6.1690218166448263 6.1867327430691574 6.6007687503068535 2.3159385421429093 8.4915493551093686 5.7082589532679933 8.178099389119307 3.241386144303116 5.7938482221302836
 5.1155504973568053 6.2657505605612904 5.3028652825277636 1.4374990406811499 6.4627390694569344 3.6428342365319026 2.5911521995283415 1.7037805148616565 3.3516957050186704 6.9139517797723453 6.1620542612823783 3.9314715333445678 7.9775796426372168 4.4913656515695397 4.6384970027913432 7.0804835181483465 8.924846244843323 4.8862245044588484 5.0987569151738086 2.5540740934195996
 3.0156437916068293 4.932482308372542 1.412325911319587 5.8476814669659838 3.0957840468783968 5.986838729012721 1.7037805148616565 9.2579510858733833 6.3082822141058132 5.4752773068231981 8.9168525237432448 7.5469351075864015 5.740280574457608 1.2667367859229768 6.5110303268422038 6.7587255744691941 5.8094853880439832 2.5565495862255085 3.2175826260928968 3.1849465459269504
 7.2757651921151538 4.8200410685681678 3.6947963932151122 4.8562129420807931 6.320896455209251 4.8332992623881239 3.3516957050186704 6.3082822141058132 7.7672239163005266 5.6256741884942389 7.1910844741180222 6.852714004576943 5.8409829155254833 3.9970480094804746 6.2308313095700383 6.804822377306226 4.1620219954024193 5.7995100734021268 2.9550049442184179 6.7090870256988646
 2.3136189834422751 5.838745514861321 3.7331650672565755 5.6444785574364547 2.1859427920185008 1.8461202123810105 6.9139517797723453 5.4752773068231981 5.6256741884942389 3.3906450249808353 5.3914072708238514 4.4761185276805904 6.2388817305375355 5.0872871197248113 5.7292595036342089 5.486161810093197 4.0497628698900723 5.2776403141333148 3.8460317782843139 5.7299170193048621
 5.9054175522083696 7.0916395569019146 1.1286059935206767 5.7066807127425934 5.3344372785755292 6.3953965872554495 6.1620542612823783 8.9168525237432448 7.1910844741180222 5.3914072708238514 0.81014258297904318 7.4231313246306527 6.6267199884254229 6.5509449230341019 7.155282967888418 3.0148448103628946 2.7025225001576509 6.4810256229031999 5.0597279831859261 2.5496513144358941
 2.0151018814946133 8.2452480787564326 5.0718319537427421 2.8428067029640802 5.7885297763019228 6.1690218166448263 3.9314715333445678 7.5469351075864015 6.852714004576943 4.4761185276805904 7.4231313246306527 9.0659339386266282 6.4339808632368936 8.9973913248530586 4.9721825191693707 5.109927787811535 7.4294207782949799 5.9600411085445444 4.8023956422365757 2.1721972273487622
 9.1344604709963253 4.5052279858164468 8.9823733422531156 5.0951259136172631 4.0137929130134991 6.1867327430691574 7.9775796426372168 5.740280574457608 5.8409829155254833 6.2388817305375355 6.6267199884254229 6.4339808632368936 7.0856992236393861 4.423702461262792 3.3468757934744566 5.1144551547915107 6.6491154575342684 4.6846721661056057 5.0127719252309815 5.1587272274412284
 7.4844015196342806 4.8066613401809333 5.3070507237122113 4.0206233032878398 3.2867684305496891 6.6007687503068535 4.4913656515695397 1.2667367859229768 3.9970480094804746 5.0872871197248113 6.5509449230341019 8.9973913248530586 4.423702461262792 4.765339934972431 6.3306403584927349 8.2626850813790877 3.4972454305916516 6.8834630471042439 5.4089989379872598 4.6235585115902484
 4.1466995523896699 4.2898292034074714 4.8489888876139497 3.1806562889779935 2.0728575619876461 2.3159385421429093 4.6384970027913432 6.5110303268422038 6.2308313095700383 5.7292595036342089 7.155282967888418 4.9721825191693707 3.3468757934744566 6.3306403584927349 2.9096269190597877 4.1507794162591312 4.2009951752562031 8.1459657619190864 1.7993716018466483 7.153925195870773
 5.4210627089720571 4.5441092590271612 0.79463458869136916 6.1886521506693857 2.2080591903410567 8.4915493551093686 7.0804835181483465 6.7587255744691941 6.804822377306226 5.486161810093197 3.0148448103628946 5.109927787811535 5.1144551547915107 8.2626850813790877 4.1507794162591312 2.6742970815709954 9.2356259873517299 5.4810161537376372 3.5974232729805493 1.9468053669236052
 5.3270164460949001 5.5764700888993382 5.7229554800189497 4.7952821868330471 3.9571164522741582 5.7082589532679933 8.924846244843323 5.8094853880439832 4.1620219954024193 4.0497628698900723 2.7025225001576509 7.4294207782949799 6.6491154575342684 3.4972454305916516 4.2009951752562031 9.2356259873517299 0.7514215150760295 4.0546054996991465 7.225015186780519 7.5922976532783117
 7.0556079665211486 3.7330129923996425 2.3920332352001563 6.3164972107457302 4.9442005185568121 8.178099389119307 4.8862245044588484 2.5565495862255085 5.7995100734021268 5.2776403141333148 6.4810256229031999 5.9600411085445444 4.6846721661056057 6.8834630471042439 8.1459657619190864 5.4810161537376372 4.0546054996991465 5.1681386932640629 3.319338258569148 3.956408426522974
 5.2053869277295934 3.0360393061899318 4.1638450470092998 4.2447917553852017 5.188264547330931 3.241386144303116 5.0987569151738086 3.2175826260928968 2.9550049442184179 3.8460317782843139 5.0597279831859261 4.8023956422365757 5.0127719252309815 5.4089989379872598 1.7993716018466483 3.5974232729805493 7.225015186780519 3.319338258569148 9.0134442321491957 6.4169832363329355
 5.396792967262118 5.7681266134864009 7.743283245179537 1.2755304302046127 5.6132065868263075 5.7938482221302836 2.5540740934195996 3.1849465459269504 6.7090870256988646 5.7299170193048621 2.5496513144358941 2.1721972273487622 5.1587272274412284 4.6235585115902484 7.153925195870773 1.9468053669236052 7.5922976532783117 3.956408426522974 6.4169832363329355 9.3332780639564099


---Resultados---
-Norma resultado:1.1852
# name: lambda_res
# type: diagonal matrix
# rows: 20
# columns: 20
-8.4399931802868
-8.2903040038973277
-7.0086020752967082
-6.9542159766702314
-2.0153210823655221
-1.3227890623484542
-0.61828121305183104
1.0854508396788842
1.2558282633850864
1.4571438617484482
1.8906291519508276
2.1719692376043125
4.8270295998729704
5.8330896540686608
6.46877895566654
6.5994040009915969
6.9319790753379946
7.2615663521439471
7.8542284677448793
8.6829927639033304


# name: Y_res
# type: matrix
# rows: 20
# columns: 20
 0 0 0 1.5640023225530464 0 0 0 0 0 0 0.055404654071781606 0 0 2.1790243641905156 0 0 0 3.0745915960367487 0 0
 0 0 6.1514647497478752 1.1736770879335006 0 0 0 0 0 0 2.0955408646415385 0 0 0 0 0 0 0 0 0
 0 6.1514647497478752 0 0 0 0 0 0 0 0 0 0 4.3428711857837499 0 0.12460838730015192 0 0.016502235690698554 0 0 0
 1.5640023225530464 1.1736770879335006 0 0 0 0 0 0 0.00026558060067517184 0 0 0 0 0 0.032554443777129044 0.80835893358905797 0 0 0 0
 0 0 0 0 3.193193909549886 0 0 0 1.2988323730186935 0 0 0.008619906547821507 0 0 0 4.8639995109812416e-05 0 0 0.024577129630344266 3.5776991820142033e-06
 0 0 0 0 0 0 0 0 0 1.7336155462069949 0 0 0 0 0 0 0.44126317962830625 3.5068131446938078 0 0
 0 0 0 0 0 0 0 0 0 3.539353551436867 0 0 2.1463648532655295 0 0 0 6.5503233033586756 0 0 0
 0 0 0 0 0 0 0 6.4687789556659618 0 0 2.1397371662003728e-06 0 0 1.6635618806154452e-07 0 0 2.9791595962326676e-07 0 0 0
 0 0 0 0.00026558060067517184 1.2988323730186935 0 0 0 3.8346838645085626 0.00023645263795466146 0 0.019643223252472287 0 0 0 0 0 0 4.5427085031327843e-07 0.19818454085598786
 0 0 0 0 0 1.7336155462069949 3.539353551436867 0 0.00023645263795466146 0 0.33987200348604873 0 0 0 0 0 0 0 0 0
 0.055404654071781606 2.0955408646415385 0 0 0 0 0 2.1397371662003728e-06 0 0.33987200348604873 0 0.27642227944868969 0 0 1.9967946592577646 0 0 0 0 0
 0 0 0 0 0.008619906547821507 0 0 0 0.019643223252472287 0 0.27642227944868969 1.770538788819797 0 0 0 0 0.055026427213792445 0 0 0.00037480032110199976
 0 0 4.3428711857837499 0 0 0 2.1463648532655295 0 0 0 0 0 0 0 0 0 0 0 0 0
 2.1790243641905156 0 0 0 0 0 0 1.6635618806154452e-07 0 0 0 0 0 0 0.04757199958008905 6.9069220957075625 0 0 3.7335703607044127e-07 0
 0 0 0.12460838730015192 0.032554443777129044 0 0 0 0 0 0 1.9967946592577646 0 0 0.04757199958008905 0 0 0 5.9789519112957104 0 0
 0 0 0 0.80835893358905797 4.8639995109812416e-05 0 0 0 0 0 0 0 0 6.9069220957075625 0 0 0.65716443477002506 0.11222691893167268 0 6.9256397998862085e-06
 0 0 0.016502235690698554 0 0 0.44126317962830625 6.5503233033586756 2.9791595962326676e-07 0 0 0 0.055026427213792445 0 0 0 0.65716443477002506 0 0 0 0
 3.0745915960367487 0 0 0 0 3.5068131446938078 0 0 0 0 0 0 0 0 5.9789519112957104 0.11222691893167268 0 0 0 0
 0 0 0 0 0.024577129630344266 0 0 0 4.5427085031327843e-07 0 0 0 0 3.7335703607044127e-07 0 0 0 0 6.5991781576283746 0.0019427203033689231
 0 0 0 0 3.5776991820142033e-06 0 0 0 0.19818454085598786 0 0 0.00037480032110199976 0 0 0 6.9256397998862085e-06 0 0 0.0019427203033689231 5.8042099540080185


#------------------------------------------#
-Simulacion N.3
Total de iteraciones:1001
Tiempo de ejecucion:10.3331
---Datos Iniciales---
# name: lambda
# type: matrix
# rows: 20
# columns: 1
 -9.959206402032466
 -7.2271814035132786
 -6.9577002699867085
 -5.2800644406152708
 -5.2227238610851723
 -4.6111046260102873
 -3.6239152387073776
 -1.2790099113733326
 -1.1159357557489678
 -1.05107084498826
 -0.060049752337143047
 0.39944122025579176
 2.5943086448319086
 2.7226169503885949
 3.2082950779515897
 4.6265271191904667
 6.4206277242145617
 7.1325460210734875
 7.7183924767875745
 9.1984220882408039


# name: Y
# type: matrix
# rows: 20
# columns: 20
 1.225017499100356 5.0358661468661694 2.8106207173828062 5.2355992724415401 5.1505899073573209 2.4744205276973887 7.7983175854742832 3.9363782436231962 3.0086636299209952 7.7110296634321314 4.8302686332999754 7.8734517262676551 3.6147660264325756 1.5113779736452155 2.2961790407148848 3.6254933997314955 4.8400665418868529 5.3080632166135402 4.6182834732150422 5.766114543760529
 5.0358661468661694 2.6865318086216039 3.9840924127736836 4.043273662917013 1.7046712837468623 5.1392823486813421 5.6794738251112875 5.3964327696474532 8.0095039933198464 6.9569102070471827 3.9185263778724067 5.3661256519294875 3.3632279775198946 5.518930449071239 8.31864939129931 7.7758381267738663 6.9100199163700875 5.1616673948015457 4.085281243349935 4.6451130963622393
 2.8106207173828062 3.9840924127736836 0.055152964299600704 3.3020294177104903 4.1633539620461519 4.9772310607484638 4.2778843683271779 0.93104068726994671 4.2978728133788229 6.8673974220865794 5.7945147043840706 6.9177725177435159 3.1784997890169322 4.0732524116928897 3.3185475437298853 5.0364821217380262 7.1259110417444909 3.2365304455118742 5.7127608875126503 2.4332105408824738
 5.2355992724415401 4.043273662917013 3.3020294177104903 8.821531602741338 1.8910315368210169 3.5218583376883732 1.3635277502596814 6.5834122553643066 4.5066488976292032 6.3920698125576925 6.39110575167531 4.885539172669989 3.7923852154857496 3.9624805730939112 7.2409012937667594 4.1171563313963899 8.3220080094760149 4.7085683531109517 4.0847876813513517 4.4675923725244502
 5.1505899073573209 1.7046712837468623 4.1633539620461519 1.8910315368210169 5.3397686086755911 5.5905644085887669 5.7054749861508007 4.3064493426892412 8.7656615113769174 5.4183229073294683 1.7495135755931424 5.663131459503945 9.4623770111124124 8.7075129067749852 0.30934134182581119 6.2710249973215362 5.6596066033351917 2.3555397791236174 4.6320114140151345 5.8898714634766653
 2.4744205276973887 5.1392823486813421 4.9772310607484638 3.5218583376883732 5.5905644085887669 8.8018028144962308 5.1167555358529508 9.1536771284239347 8.3735428191875201 6.3371968858503704 6.4952514993150068 3.4937527404968307 1.4352820645269437 6.8664582507841416 3.925727013906438 3.0079252771644338 6.4950736484445333 7.366686299177541 4.0178240410297779 2.4602423454543554
 7.7983175854742832 5.6794738251112875 4.2778843683271779 1.3635277502596814 5.7054749861508007 5.1167555358529508 6.7582828965094324 2.2893259223625999 3.663626313436219 3.1817092506489977 0.62564412656618273 6.4364190744879259 6.2571599225698904 4.4201057961550205 8.2673261844059631 1.5402570685587889 3.8554449502986006 7.7965424737315097 7.2080803927940158 9.0965980777804916
 3.9363782436231962 5.3964327696474532 0.93104068726994671 6.5834122553643066 4.3064493426892412 9.1536771284239347 2.2893259223625999 3.90125224699158 4.6513671348390631 4.6126819893576121 4.7584472886266331 7.1947891475223678 4.6586220926991224 2.23013835334535 5.932978571836327 4.0406247833429019 5.1238852290236041 7.1818934729788078 5.315779411383545 7.4945842867329198
 3.0086636299209952 8.0095039933198464 4.2978728133788229 4.5066488976292032 8.7656615113769174 8.3735428191875201 3.663626313436219 4.6513671348390631 9.2086547341901674 4.0282102938023598 1.4677333867427182 3.6956542516853599 1.3819892815320927 6.1702955566377389 6.6379721621911605 6.5079080854904081 6.7299836259267369 6.4329603761691674 4.1328203125482439 4.8720182213155008
 7.7110296634321314 6.9569102070471827 6.8673974220865794 6.3920698125576925 5.4183229073294683 6.3371968858503704 3.1817092506489977 4.6126819893576121 4.0282102938023598 6.5866862316271613 1.9808086061227064 5.3448883921350898 7.7269608142600585 7.8897073225724554 6.007035765883483 6.2379922143796396 5.7503197857070063 6.0591998316279083 4.6230794750758069 6.0366899555178968
 4.8302686332999754 3.9185263778724067 5.7945147043840706 6.39110575167531 1.7495135755931424 6.4952514993150068 0.62564412656618273 4.7584472886266331 1.4677333867427182 1.9808086061227064 1.2282017964169256 5.7281689755460903 8.3465181566710829 4.2787099729587776 4.4923561142850428 8.3010978072870074 4.9385706839797709 9.7685090793721496 7.6831156321604421 3.8429215275242501
 7.8734517262676551 5.3661256519294875 6.9177725177435159 4.885539172669989 5.663131459503945 3.4937527404968307 6.4364190744879259 7.1947891475223678 3.6956542516853599 5.3448883921350898 5.7281689755460903 8.7569798321399226 3.2007110352208055 7.6343338206861393 4.7368562416760707 6.7487615256310427 4.662771194765341 6.5321792594590935 4.5493851047601179 4.3509064246896436
 3.6147660264325756 3.3632279775198946 3.1784997890169322 3.7923852154857496 9.4623770111124124 1.4352820645269437 6.2571599225698904 4.6586220926991224 1.3819892815320927 7.7269608142600585 8.3465181566710829 3.2007110352208055 3.2688572321297227 3.31304745724489 7.0771349752489083 3.0205601115662652 2.2088387023320308 4.0480371982394701 2.2657951033047317 8.2617326987471564
 1.5113779736452155 5.518930449071239 4.0732524116928897 3.9624805730939112 8.7075129067749852 6.8664582507841416 4.4201057961550205 2.23013835334535 6.1702955566377389 7.8897073225724554 4.2787099729587776 7.6343338206861393 3.31304745724489 2.1225406344737863 5.0874967273087703 6.1698709494798969 6.1282076132890575 3.9177028759777301 4.7212119231909613 7.5714362478444102
 2.2961790407148848 8.31864939129931 3.3185475437298853 7.2409012937667594 0.30934134182581119 3.925727013906438 8.2673261844059631 5.932978571836327 6.6379721621911605 6.007035765883483 4.4923561142850428 4.7368562416760707 7.0771349752489083 5.0874967273087703 5.448210441215223 4.7301924907449138 2.5914269648792798 5.4880385208193001 1.79182945610824 3.3326225674127352
 3.6254933997314955 7.7758381267738663 5.0364821217380262 4.1171563313963899 6.2710249973215362 3.0079252771644338 1.5402570685587889 4.0406247833429019 6.5079080854904081 6.2379922143796396 8.3010978072870074 6.7487615256310427 3.0205601115662652 6.1698709494798969 4.7301924907449138 8.5690249227812352 3.1726304483175847 4.1972933527110383 4.9435087782676899 2.3743262273769767
 4.8400665418868529 6.9100199163700875 7.1259110417444909 8.3220080094760149 5.6596066033351917 6.4950736484445333 3.8554449502986006 5.1238852290236041 6.7299836259267369 5.7503197857070063 4.9385706839797709 4.662771194765341 2.2088387023320308 6.1282076132890575 2.5914269648792798 3.1726304483175847 3.0345051204362363 3.534862110709732 4.2071749439060664 5.2104308926224672
 5.3080632166135402 5.1616673948015457 3.2365304455118742 4.7085683531109517 2.3555397791236174 7.366686299177541 7.7965424737315097 7.1818934729788078 6.4329603761691674 6.0591998316279083 9.7685090793721496 6.5321792594590935 4.0480371982394701 3.9177028759777301 5.4880385208193001 4.1972933527110383 3.534862110709732 9.8556901374442631 3.4745379806016556 2.5302853645846159
 4.6182834732150422 4.085281243349935 5.7127608875126503 4.0847876813513517 4.6320114140151345 4.0178240410297779 7.2080803927940158 5.315779411383545 4.1328203125482439 4.6230794750758069 7.6831156321604421 4.5493851047601179 2.2657951033047317 4.7212119231909613 1.79182945610824 4.9435087782676899 4.2071749439060664 3.4745379806016556 1.6105904160449558 4.8486583552992402
 5.766114543760529 4.6451130963622393 2.4332105408824738 4.4675923725244502 5.8898714634766653 2.4602423454543554 9.0965980777804916 7.4945842867329198 4.8720182213155008 6.0366899555178968 3.8429215275242501 4.3509064246896436 8.2617326987471564 7.5714362478444102 3.3326225674127352 2.3743262273769767 5.2104308926224672 2.5302853645846159 4.8486583552992402 0.31353173903800102


---Resultados---
-Norma resultado:0.6877
# name: lambda_res
# type: diagonal matrix
# rows: 20
# columns: 20
-9.561900530976656
-7.1824019689443599
-6.8592382435850503
-5.1955705143390452
-5.1261235348056911
-4.5088357236046184
-3.5267534718625781
-1.1889316392248372
-1.0252010266275053
-0.95271129373518848
0.014077659667647775
0.4923812852469529
2.6776745104275004
2.8196892753853255
3.3094177919505734
4.7162092823007296
6.5069280021862248
7.1749593584252853
7.797560025144497
9.6187707569708003


# name: Y_res
# type: matrix
# rows: 20
# columns: 20
 0 0 0 0 0 0 3.0628985733034639 0 0 3.8560849426348254 0 2.3154953728580479 0 0 0 0 0 0 0 0
 0 0 0 0 0 0 0 0 3.7314513493856785 0 0 0 0 0 0 1.3992843794466649 0 0 0 0
 0 0 0 0 0 0 0 0 0 1.8332375813448696 0 2.1026426824915072 0 0 0 0 1.6854937068979956 0 0 0
 0 0 0 0 0 0 0.3574652643763267 3.4025811512177588 0 0 0 0 0 0 2.4265793804148146 0 2.5439489258551791 0 0 1.0901000048490863
 0 0 0 0 0 0 0 0 1.8463965832934237 0 0 0 6.6036257481159586 3.7403137285452703 0 0 0 0 0 0
 0 0 0 0 0 0 0 2.9314604871611332 1.8471300088931979 0 0 0 0 0 0 0 0 2.3269216629678056 0 0
 3.0628985733034639 0 0 0.3574652643763267 0 0 0 0.048721791117539479 0 0 0 0 0 0 2.9940227800301491 0 0 0 0 2.8387051141629427
 0 0 0 3.4025811512177588 0 2.9314604871611332 0.048721791117539479 0 0 0 0 0 0 0 2.9421352301614001 0 0 0 0 0.6748854197027383
 0 3.7314513493856785 0 0 1.8463965832934237 1.8471300088931979 0 0 0 0 0 0 0 0 0 0 2.1727099720018752 0 0 0
 3.8560849426348254 0 1.8332375813448696 0 0 0 0 0 0 0 0 0 0.44726109035132516 1.9592242585669726 0 0 0 0 0 0
 0 0 0 0 0 0 0 0 0 0 0 0 1.9755183813431993 0 0 4.0649507386749644 0 4.1348916142997432 4.816110839614991 0
 2.3154953728580479 0 2.1026426824915072 0 0 0 0 0 0 0 0 0 0 2.0469782390083342 0 5.186156634166176 0 0 0 0
 0 0 0 0 6.6036257481159586 0 0 0 0 0.44726109035132516 1.9755183813431993 0 0 0 0 0 0 0 0 0
 0 0 0 0 3.7403137285452703 0 0 0 0 1.9592242585669726 0 2.0469782390083342 0 0 0 0 0 0 0 0.055567775641318901
 0 0 0 2.4265793804148146 0 0 2.9940227800301491 2.9421352301614001 0 0 0 0 0 0 0 0 0.033367249948391589 0 0 0.27339903135824473
 0 1.3992843794466649 0 0 0 0 0 0 0 0 4.0649507386749644 5.186156634166176 0 0 0 0 0 0 0 0
 0 0 1.6854937068979956 2.5439489258551791 0 0 0 0 2.1727099720018752 0 0 0 0 0 0.033367249948391589 0 0 0 1.0043140153929522 0.057316435564797451
 0 0 0 0 0 2.3269216629678056 0 0 0 0 4.1348916142997432 0 0 0 0 0 0 0 0 0
 0 0 0 0 0 0 0 0 0 0 4.816110839614991 0 0 0 0 0 1.0043140153929522 0 0 0
 0 0 0 1.0901000048490863 0 0 2.8387051141629427 0.6748854197027383 0 0 0 0 0 0.055567775641318901 0.27339903135824473 0 0.057316435564797451 0 0 0


#------------------------------------------#
-Simulacion N.4
Total de iteraciones:1001
Tiempo de ejecucion:11.0972
---Datos Iniciales---
# name: lambda
# type: matrix
# rows: 20
# columns: 1
 -8.9917559392955422
 -6.2249114815192286
 -6.0116918938570034
 -4.5825900346157304
 -4.2553394585660893
 -3.4176820595669692
 -1.6677282746616466
 -0.22555380689966498
 0.55141883321480911
 2.4963364102965571
 2.8113164267145496
 3.3054607458689862
 3.8009468397368771
 3.8130424107763101
 4.502362421822907
 6.6056933173183694
 6.9633488056583381
 7.6767216741534305
 8.0767047327407084
 9.0734709726010863


# name: Y
# type: matrix
# rows: 20
# columns: 20
 6.2685482740243694 5.3385641699126349 2.6426008474258555 3.9680883689370319 1.7650279472559687 6.7804038290908633 2.220211561400232 4.5185034225554341 7.3546864611893392 5.6872972456121209 7.4548444734186354 7.209500034077962 5.9539130601869905 1.9481747124163187 6.0012614305068306 2.6215500483170673 7.1236597430873463 5.266214759003935 8.2888785995140939 2.4786448668067687
 5.3385641699126349 1.2672299123267705 4.4780904390057623 3.1423255012253675 6.6995083275723282 6.2754361753864307 5.0130231789181794 5.3329784904450612 2.1635584774262555 4.581816469372443 2.7849713567759933 4.3458842818575443 4.9081270114683049 1.8212724522896269 6.4735287114252591 4.9508513696869594 7.1549689922343411 4.0187730745924615 3.1307458607267407 1.2480706025151123
 2.6426008474258555 4.4780904390057623 4.5057970464761361 3.4553616279815222 5.0864539088873233 1.284788976779228 4.1853837990394691 5.1995169367738692 5.1260524307324253 4.7266196197625927 7.1775508665971941 2.0422245595583948 6.9425091461323749 9.3852347506536589 2.197613961995593 2.8074849649470908 5.4268318668812938 6.9952804840313636 8.1928243220126973 4.605220351420785
 3.9680883689370319 3.1423255012253675 3.4553616279815222 2.6515157192821635 5.5295679105219655 5.5652442726822642 5.9189459500044723 4.3348795387978534 4.6136377967101856 3.2941896229266829 4.1234670124520267 1.9541433788290119 5.4722445922104317 5.5199585783054639 5.7018815377026986 4.3748595869505866 6.8655966710919687 6.5154091566230115 7.8774580769657954 7.7930519430474972
 1.7650279472559687 6.6995083275723282 5.0864539088873233 5.5295679105219655 2.2763876041805666 6.7434283072148631 7.5394467468806017 7.9000552847008985 5.0456240454932697 7.6054662790038217 1.843895612554044 3.4823419075046216 8.8999248465091441 4.5600238406392499 1.021667870186812 4.6787036035928171 6.0168755158123366 3.6359016900142493 2.7671340561948519 5.5066848026287474
 6.7804038290908633 6.2754361753864307 1.284788976779228 5.5652442726822642 6.7434283072148631 9.5612350895662939 5.3537492499323589 3.7833206938559565 8.0071851064317361 7.6825971095907271 9.14688512408161 5.7953831252689323 4.5954440073105864 5.8803909651518298 4.5852454019073026 3.4203156957934935 8.117173939481912 7.0926914957525176 7.0065197841985976 3.7960737869563239
 2.220211561400232 5.0130231789181794 4.1853837990394691 5.9189459500044723 7.5394467468806017 5.3537492499323589 7.7427003629287618 4.6347478486334239 8.1672187612913447 5.1425479163856931 5.5531577536404129 7.0112843523687616 4.1945560529508201 8.537842676058478 6.5253371599359973 4.358515184394367 7.6139157591347226 1.8751683176004952 3.8252932141095486 4.7207553135034059
 4.5185034225554341 5.3329784904450612 5.1995169367738692 4.3348795387978534 7.9000552847008985 3.7833206938559565 4.6347478486334239 6.9997163609260538 6.828162550450755 4.9513307435007867 3.4843747991669005 4.5471578804919233 3.0478213331888409 5.2595542715039407 1.8901531364542967 4.3023769882656993 3.5321410756581333 3.6003100868967022 7.1675208522646709 1.8640956097527688
 7.3546864611893392 2.1635584774262555 5.1260524307324253 4.6136377967101856 5.0456240454932697 8.0071851064317361 8.1672187612913447 6.828162550450755 2.1378188009508534 2.7861982677182033 3.6733094762643201 5.7633100502949448 8.0738506749545031 2.4099435099229156 4.0883431378070618 4.3121587484514645 8.6451042348972038 2.5852597543660831 6.0150294089209817 5.5880518519791025
 5.6872972456121209 4.581816469372443 4.7266196197625927 3.2941896229266829 7.6054662790038217 7.6825971095907271 5.1425479163856931 4.9513307435007867 2.7861982677182033 4.7077682575989748 4.7540286892414922 5.1703279845563079 8.9204077495435037 4.3541853259774435 6.478292332244961 5.3951265959131671 5.9684458021895619 5.150023238256261 7.3106061708340651 5.1063506209382128
 7.4548444734186354 2.7849713567759933 7.1775508665971941 4.1234670124520267 1.843895612554044 9.14688512408161 5.5531577536404129 3.4843747991669005 3.6733094762643201 4.7540286892414922 3.5980586465891653 8.9646916146770295 4.5650276254036255 2.8119217591046466 3.4472860047268346 2.278672361668419 6.5249589197432902 4.0442883081537406 5.68685519987352 6.5896570027096057
 7.209500034077962 4.3458842818575443 2.0422245595583948 1.9541433788290119 3.4823419075046216 5.7953831252689323 7.0112843523687616 4.5471578804919233 5.7633100502949448 5.1703279845563079 8.9646916146770295 4.2674653512508129 4.8216895945988387 5.2097530318154934 5.7242370543885217 4.9411975698557438 2.7130699316333367 8.1961427084147438 2.755710995705476 1.6890210885182979
 5.9539130601869905 4.9081270114683049 6.9425091461323749 5.4722445922104317 8.8999248465091441 4.5954440073105864 4.1945560529508201 3.0478213331888409 8.0738506749545031 8.9204077495435037 4.5650276254036255 4.8216895945988387 4.0583767690119279 8.3458231800629896 7.2464366496619714 6.6973735688469915 5.364024743693407 4.2693517770536804 2.625990055265865 6.3985106602704498
 1.9481747124163187 1.8212724522896269 9.3852347506536589 5.5199585783054639 4.5600238406392499 5.8803909651518298 8.537842676058478 5.2595542715039407 2.4099435099229156 4.3541853259774435 2.8119217591046466 5.2097530318154934 8.3458231800629896 3.9601376434978119 2.9450226549691525 2.0888156298790364 4.0427133904606878 3.1651965183109998 5.5852950457601116 5.7991831115062311
