#Resultados de la simulacion de P2.
#------------------------------------------#
-Precision:eps(10^-10)
-Dimension:25
-Maximo de Iteraciones:1000
-Maximo de Simulaciones:100
#------------------------------------------#
-Simulacion N.1
Total de iteraciones:1001
Tiempo de ejecucion:18.9301
---Datos Iniciales---
# name: lambda
# type: matrix
# rows: 25
# columns: 1
 -9.736431621045476
 -8.6817380686316508
 -8.3058074974551843
 -8.170357447022635
 -7.120147000691361
 -4.7823074837340229
 -3.9887636635128025
 -2.105768821130491
 -1.3725010491639456
 -0.69673414393392363
 0.24979283820405307
 0.3139968910070472
 0.66534437828977744
 1.9010910032978483
 2.0261056869231631
 2.2606376372887009
 2.5702559409995906
 3.20735108388714
 4.4050218505760093
 5.1046984291409121
 6.3537971140104439
 6.9617845518962298
 8.0123474705483488
 8.5249341579730817
 8.7586193775342238


# name: Y
# type: matrix
# rows: 25
# columns: 25
 3.0629174174749805 8.5224100146822952 5.1319293999523019 7.6027512713201943 3.8484451830729398 4.3241282377248691 2.3113712763869128 5.2850910286812383 1.8159986791751126 5.1412587378719241 6.7501585938308857 6.5019306150406919 6.6669839976767911 3.2844134654464545 2.902582281448459 3.6081316232724356 3.8607404297196473 4.1279621638330877 2.8994748713779988 1.3820665633604916 3.1172151667037582 3.382593252854075 9.8254308639284247 3.7640434932346847 4.9506343472748862
 8.5224100146822952 9.5804740116417229 2.1429025286065295 3.6652962859624671 4.8827942726022879 0.86226470868630056 8.2614524246388044 7.8093171422260301 7.6094125060696918 4.5466821573881928 6.6302622087455827 5.9726582656782297 5.2986183880124837 5.9230925621668487 5.2803862084163882 7.4472690200186058 4.1256101480415328 8.1391270229840735 5.039814924196107 8.4652305063795268 6.9538635835686646 5.2368058090804812 4.3213855774462795 3.8186778175113636 7.9329153959731471
 5.1319293999523019 2.1429025286065295 9.8969441954008399 7.2087437906471417 4.76137938442678 7.9368059311582453 0.36813531772342256 7.1325500267974871 5.5436631829114598 6.7630860045052774 6.8360239007600629 5.0436562563385667 7.2671368028510575 5.1328450760570909 2.9860656300358621 1.9518074706862443 6.9774181033285236 4.8685691780997775 5.6897550416970599 2.7220551262714188 6.4016860129281294 5.683380375169687 8.6653893339303263 8.4869566202126698 4.861502752184645
 7.6027512713201943 3.6652962859624671 7.2087437906471417 8.5567549261726956 3.9245696511957631 4.034298513446716 1.85633943931516 5.2078927753550888 4.7444653629101694 4.5394977688954627 5.7164923714070177 3.4953657425479037 6.7983333838885125 1.4064399964784622 6.802731898394514 6.3457608321784109 4.9221139117009454 7.3380128124159052 6.844145379777796 6.6562126818850711 2.790223789322976 6.1207184808486668 4.7795843005349523 3.6422678039146725 4.609365076216462
 3.8484451830729398 4.8827942726022879 4.76137938442678 3.9245696511957631 0.7510521694870953 4.0652599934448119 4.1874255603072701 2.0660948221252267 9.4624445131951749 4.64815755224648 5.3186492027850498 3.8979234617133329 2.2642539072087375 7.4288927580170228 4.1002803936613992 3.1682810436413589 5.6462942711585011 4.7211750922652858 1.2110514276477891 7.3464677690520901 9.379208933305657 4.177697079075136 5.0269192553444375 4.0578305127590033 5.4931542045534876
 4.3241282377248691 0.86226470868630056 7.9368059311582453 4.034298513446716 4.0652599934448119 0.57331267794744845 5.5409062344452105 5.0661460885304308 5.7485058523276837 7.7023286570363378 8.8583383108988336 2.6928817373122707 2.563705704786269 5.5078214058379977 3.6670276540022932 5.7364415366716512 6.7065123546193037 4.7898623642622464 7.0757351644033486 6.0243010355109128 0.15289815367667381 7.9127133538979333 3.288838696376998 9.1057036848118749 4.5995685115052156
 2.3113712763869128 8.2614524246388044 0.36813531772342256 1.85633943931516 4.1874255603072701 5.5409062344452105 2.8429842665150051 7.2318958026053402 3.5488738189675746 8.9243071379294641 4.3562305522098734 4.268735675648772 2.2899000269667731 4.5962642496784536 4.0722107587875138 6.7846174105269892 3.6308403529210631 5.7481601279280437 1.9934630033578928 7.5117474263141819 6.0626776494239749 6.3992347943943351 2.3493221265173956 3.8106588401953894 7.6930494144844888
 5.2850910286812383 7.8093171422260301 7.1325500267974871 5.2078927753550888 2.0660948221252267 5.0661460885304308 7.2318958026053402 6.1179758977678711 8.5701162670494302 5.0079750655583046 4.3109852543588021 1.7928572326959231 7.2264944906356607 6.4560973225611056 3.9843207688535252 1.6254779941842168 7.220103276914962 6.8173407856436246 4.4934755562983897 4.6484386550430488 6.0306056499106431 4.4702809709379148 7.2630372070471338 3.8451837733710073 1.622400634055599
 1.8159986791751126 7.6094125060696918 5.5436631829114598 4.7444653629101694 9.4624445131951749 5.7485058523276837 3.5488738189675746 8.5701162670494302 8.0582179082873466 2.0272944195545639 7.8861008696050785 7.060648115652528 7.6918754170920263 4.5461597836290819 1.841566028422037 1.6504044275689163 6.027717606366382 1.3472531853858998 7.095740379452554 3.5054485227570003 6.8805167644310448 9.3705060185746181 3.5102776981474322 5.8917492353484882 7.9121663060747389
 5.1412587378719241 4.5466821573881928 6.7630860045052774 4.5394977688954627 4.64815755224648 7.7023286570363378 8.9243071379294641 5.0079750655583046 2.0272944195545639 8.5440366147728604 8.2531681488844342 4.4525737294014389 7.8601799921192397 3.0694756018966247 6.9679128114633162 2.7529180299268843 0.68409846347445624 1.8799276478021631 4.6528020515960389 8.1436560176690662 4.8248197154361998 5.807318517861237 6.6123309199910292 2.8389871778096798 3.096323296051521
 6.7501585938308857 6.6302622087455827 6.8360239007600629 5.7164923714070177 5.3186492027850498 8.8583383108988336 4.3562305522098734 4.3109852543588021 7.8861008696050785 8.2531681488844342 6.0181085999442434 6.0003343477441771 5.45253165587763 6.0956528607220211 6.2498318028286777 2.2555365522333877 6.384572842764876 3.0673163497542744 4.1756846141274391 0.86262816944899623 6.8369970823887973 3.0639771447388937 4.8762517293781364 4.4759495404752512 5.2205951371658799
 6.5019306150406919 5.9726582656782297 5.0436562563385667 3.4953657425479037 3.8979234617133329 2.6928817373122707 4.268735675648772 1.7928572326959231 7.060648115652528 4.4525737294014389 6.0003343477441771 8.8021402020815067 2.3624803072986791 1.5610049016268075 3.6840717717078277 2.2955552358170035 4.9051034132788356 6.5465920312599399 2.654969805986902 9.0892198481683213 5.2109586103000085 4.1167705430357415 4.9909425204878453 3.3030954646795494 3.4709116182546249
 6.6669839976767911 5.2986183880124837 7.2671368028510575 6.7983333838885125 2.2642539072087375 2.563705704786269 2.2899000269667731 7.2264944906356607 7.6918754170920263 7.8601799921192397 5.45253165587763 2.3624803072986791 9.2456205621724603 3.6838379076533601 4.9430821700590162 5.2593339581791563 4.03176309415751 4.2767940733749867 4.9196387877434313 2.1411207821425693 3.7697194251971768 6.130736834562402 6.7364335760490004 1.3398324275451086 1.0845062819046503
 3.2844134654464545 5.9230925621668487 5.1328450760570909 1.4064399964784622 7.4288927580170228 5.5078214058379977 4.5962642496784536 6.4560973225611056 4.5461597836290819 3.0694756018966247 6.0956528607220211 1.5610049016268075 3.6838379076533601 1.4827435996477434 6.1420361373610808 1.4572352632374341 4.4736982008286112 4.4378378165361143 2.774257500026426 6.322068901310975 6.0586337128190353 7.7623679902354805 6.6023852209129785 2.8580198859181687 7.2176245316157335
 2.902582281448459 5.2803862084163882 2.9860656300358621 6.802731898394514 4.1002803936613992 3.6670276540022932 4.0722107587875138 3.9843207688535252 1.841566028422037 6.9679128114633162 6.2498318028286777 3.6840717717078277 4.9430821700590162 6.1420361373610808 5.3142348413010172 2.9562412839619889 3.7138851247025659 0.91334270079209023 3.3934389387057053 3.6473399118382903 4.4922405744314364 4.3385014135920823 3.2170616070533975 4.662705697343104 6.5625630601761156
 3.6081316232724356 7.4472690200186058 1.9518074706862443 6.3457608321784109 3.1682810436413589 5.7364415366716512 6.7846174105269892 1.6254779941842168 1.6504044275689163 2.7529180299268843 2.2555365522333877 2.2955552358170035 5.2593339581791563 1.4572352632374341 2.9562412839619889 1.6416400080417515 2.3322336955600957 2.2619261553885073 5.7649066124592183 5.8923345551205752 7.9516714858796043 8.3208985780050178 2.994901416034494 3.4171774628473619 6.3056563287147931
 3.8607404297196473 4.1256101480415328 6.9774181033285236 4.9221139117009454 5.6462942711585011 6.7065123546193037 3.6308403529210631 7.220103276914962 6.027717606366382 0.68409846347445624 6.384572842764876 4.9051034132788356 4.03176309415751 4.4736982008286112 3.7138851247025659 2.3322336955600957 5.4347310839088214 4.9055061466974559 4.7049702953329495 4.9352183884730074 4.2554567587056642 4.5477638530398643 7.2385731804532156 2.6707155196252863 8.0256608836971353
 4.1279621638330877 8.1391270229840735 4.8685691780997775 7.3380128124159052 4.7211750922652858 4.7898623642622464 5.7481601279280437 6.8173407856436246 1.3472531853858998 1.8799276478021631 3.0673163497542744 6.5465920312599399 4.2767940733749867 4.4378378165361143 0.91334270079209023 2.2619261553885073 4.9055061466974559 7.0952174958108802 6.1295074037261985 8.5950928835098708 4.4695523385234841 5.4844580805771557 0.57646921757226799 7.5399308349810088 5.1694739300019323
 2.8994748713779988 5.039814924196107 5.6897550416970599 6.844145379777796 1.2110514276477891 7.0757351644033486 1.9934630033578928 4.4934755562983897 7.095740379452554 4.6528020515960389 4.1756846141274391 2.654969805986902 4.9196387877434313 2.774257500026426 3.3934389387057053 5.7649066124592183 4.7049702953329495 6.1295074037261985 6.832432592917157 9.4495329458024511 3.5320540289055722 2.7699089187373294 6.3542441573951329 7.0209053778168471 4.8899602231153896
 1.3820665633604916 8.4652305063795268 2.7220551262714188 6.6562126818850711 7.3464677690520901 6.0243010355109128 7.5117474263141819 4.6484386550430488 3.5054485227570003 8.1436560176690662 0.86262816944899623 9.0892198481683213 2.1411207821425693 6.322068901310975 3.6473399118382903 5.8923345551205752 4.9352183884730074 8.5950928835098708 9.4495329458024511 7.932280534274585 7.0159703065865635 5.9737088444580593 4.4746406999509976 4.8424332602852136 5.8618106950203597
 3.1172151667037582 6.9538635835686646 6.4016860129281294 2.790223789322976 9.379208933305657 0.15289815367667381 6.0626776494239749 6.0306056499106431 6.8805167644310448 4.8248197154361998 6.8369970823887973 5.2109586103000085 3.7697194251971768 6.0586337128190353 4.4922405744314364 7.9516714858796043 4.2554567587056642 4.4695523385234841 3.5320540289055722 7.0159703065865635 9.0742104580315051 4.9731101694844515 3.8721001627451286 4.8208843467656735 6.2597349295393041
 3.382593252854075 5.2368058090804812 5.683380375169687 6.1207184808486668 4.177697079075136 7.9127133538979333 6.3992347943943351 4.4702809709379148 9.3705060185746181 5.807318517861237 3.0639771447388937 4.1167705430357415 6.130736834562402 7.7623679902354805 4.3385014135920823 8.3208985780050178 4.5477638530398643 5.4844580805771557 2.7699089187373294 5.9737088444580593 4.9731101694844515 3.9728295136617642 6.6215726623872264 9.4541832163152364 6.2636555420167817
 9.8254308639284247 4.3213855774462795 8.6653893339303263 4.7795843005349523 5.0269192553444375 3.288838696376998 2.3493221265173956 7.2630372070471338 3.5102776981474322 6.6123309199910292 4.8762517293781364 4.9909425204878453 6.7364335760490004 6.6023852209129785 3.2170616070533975 2.994901416034494 7.2385731804532156 0.57646921757226799 6.3542441573951329 4.4746406999509976 3.8721001627451286 6.6215726623872264 6.5695172404303133 3.9509763462448078 6.2403777882715659
 3.7640434932346847 3.8186778175113636 8.4869566202126698 3.6422678039146725 4.0578305127590033 9.1057036848118749 3.8106588401953894 3.8451837733710073 5.8917492353484882 2.8389871778096798 4.4759495404752512 3.3030954646795494 1.3398324275451086 2.8580198859181687 4.662705697343104 3.4171774628473619 2.6707155196252863 7.5399308349810088 7.0209053778168471 4.8424332602852136 4.8208843467656735 9.4541832163152364 3.9509763462448078 5.7773770204394612 7.3446147342233683
 4.9506343472748862 7.9329153959731471 4.861502752184645 4.609365076216462 5.4931542045534876 4.5995685115052156 7.6930494144844888 1.622400634055599 7.9121663060747389 3.096323296051521 5.2205951371658799 3.4709116182546249 1.0845062819046503 7.2176245316157335 6.5625630601761156 6.3056563287147931 8.0256608836971353 5.1694739300019323 4.8899602231153896 5.8618106950203597 6.2597349295393041 6.2636555420167817 6.2403777882715659 7.3446147342233683 3.2193814043129199


---Resultados---
-Norma resultado:0.97755
# name: lambda_res
# type: diagonal matrix
# rows: 25
# columns: 25
-9.242821477926805
-8.4205860174982785
-8.0467756516350111
-7.9184904581471036
-6.9529565009967733
-4.7398749643734499
-3.9895858152494443
-2.1069601368105819
-1.3739381269607487
-0.69509296030966838
0.24723502726474336
0.30974263173655925
0.66669243766246167
1.8982992133669361
2.0261046391408253
2.2606376406969835
2.5654765885721456
3.20720953748536
4.4162345672322418
5.1630474168535248
6.4834482970022878
7.1532584061501074
8.2508804270190979
8.8673675347299614
9.2607981823501326


# name: Y_res
# type: matrix
# rows: 25
# columns: 25
 0 0.6728392378100666 0 2.2867680513652955 0 0 0 0 0 0 0 0 0 0 0 0 0 0 0 0 0 0 7.7023064894003355 0 0
 0.6728392378100666 0.26957611379097129 0 0 0 0 0 0 0 0 0 0 0 0 0.0018279858976133923 0 0 0.71124494307517439 0 0 0.038732150124245052 0 0 0 0
 0 0 2.0266062916743235 0.02334356266335727 0 0 0 0.00015402974647109395 0 0 0 1.4688278086002687e-05 0.026514324112057355 0.0020761598456469064 0 0 0 0 0 0.00084258415265582956 0 0 0 0 1.1738027190586139e-05
 2.2867680513652955 0 0.02334356266335727 0 0 0 0.14681766548038505 0 0 0 0 0 0 0 2.0791295632601567 0 0 3.711045392396648 0 0 0 0 0 0 0
 0 0 0 0 0 0 0 0 8.0447135409002577 0 0 0 0 0 0 0 0 0 0 0 4.3436093139942447 0 0 0 0
 0 0 0 0 0 0 0.2237585196493653 0 0 0 4.9233453263018427 0 0 0 0 0 0.76155972577453557 0 1.2074641670334427 0 0 0 0 4.4150215158034962 0
 0 0 0 0.14681766548038505 0 0.2237585196493653 0 0.043788982997800263 0 4.8270442351073095 0 1.2911806500626566e-06 0 0 0 0.95647852475692208 0 0 0 0 0 0 0 0 4.5874286225964553
 0 0 0.00015402974647109395 0 0 0 0.043788982997800263 0 1.0234565538261058 0 0 0 0 0.19619769290436642 0 0 1.5279667934078935 0 0 0 0 0 0 0.21318643839335435 0
 0 0 0 0 8.0447135409002577 0 0 1.0234565538261058 0 0 0 0 0 0 0 0 0 0 0 0 0 0 0 0 0
 0 0 0 0 0 0 4.8270442351073095 0 0 0 1.8944081280332508 0 0 0 2.5705481475044314 0 0 0 0 1.068932033090694 0 0 0 0 0
 0 0 0 0 0 4.9233453263018427 0 0 0 1.8944081280332508 0 0 0 0 0 0 0 0 0 0 0 0 0.066604531922599769 0 0.82510760647819059
 0 0 1.4688278086002687e-05 0 0 0 1.2911806500626566e-06 0 0 0 0 2.2606404284220702 0.00150763723965194 0 0.00044020641694259694 0 0 0.0015654990677161054 0 0.00015759699557958535 0 0 0 0 0
 0 0 0.026514324112057355 0 0 0 0 0 0 0 0 0.00150763723965194 3.2579509794882675 0 0.29182101350782169 0 0 0.30771824534818781 0 0.0072486646087120713 0 0 0 0 0
 0 0 0.0020761598456469064 0 0 0 0 0.19619769290436642 0 0 0 0 0 1.4745766239798779 1.4217891782068726 0 0.12256142247688014 0 0 0 0 0.18518967482431348 0 0 0
 0 0.0018279858976133923 0 2.0791295632601567 0 0 0 0 0 2.5705481475044314 0 0.00044020641694259694 0.29182101350782169 1.4217891782068726 0 0 0 0 0 0 0 0 0 0 0.0979527674743359
 0 0 0 0 0 0 0.95647852475692208 0 0 0 0 0 0 0 0 0 0 0 0 0 1.6947980064915584 4.9358847137151223 0.22812803921786284 0 0
 0 0 0 0 0 0.76155972577453557 0 1.5279667934078935 0 0 0 0 0 0.12256142247688014 0 0 0 0 0 0 0 0 1.6895813756070606 0 1.0146691576625879
 0 0.71124494307517439 0 3.711045392396648 0 0 0 0 0 0 0 0.0015654990677161054 0.30771824534818781 0 0 0 0 0 0 0 0 0 0 2.4209643815533202 0.37374952494697805
 0 0 0 0 0 1.2074641670334427 0 0 0 0 0 0 0 0 0 0 0 0 0 7.6431700887222043 0 0 0 0 0
 0 0 0.00084258415265582956 0 0 0 0 0 0 1.068932033090694 0 0.00015759699557958535 0.0072486646087120713 0 0 0 0 0 7.6431700887222043 0 0 0.37205241559336277 0 0 0.1789555159925634
 0 0.038732150124245052 0 0 4.3436093139942447 0 0 0 0 0 0 0 0 0 0 1.6947980064915584 0 0 0 0 0 0 0 0 0
 0 0 0 0 0 0 0 0 0 0 0 0 0 0.18518967482431348 0 4.9358847137151223 0 0 0 0.37205241559336277 0 0 0 2.6220524444599689 0
 7.7023064894003355 0 0 0 0 0 0 0 0 0 0.066604531922599769 0 0 0 0 0.22812803921786284 1.6895813756070606 0 0 0 0 0 0 0 0
 0 0 0 0 0 4.4150215158034962 0 0.21318643839335435 0 0 0 0 0 0 0 0 0 2.4209643815533202 0 0 0 2.6220524444599689 0 0 0
 0 0 1.1738027190586139e-05 0 0 0 4.5874286225964553 0 0 0 0.82510760647819059 0 0 0 0.0979527674743359 0 1.0146691576625879 0.37374952494697805 0 0.1789555159925634 0 0 0 0 0


#------------------------------------------#
-Simulacion N.2
Total de iteraciones:1001
Tiempo de ejecucion:18.7793
---Datos Iniciales---
# name: lambda
# type: matrix
# rows: 25
# columns: 1
 -5.9030246286734256
 -5.7416929792741467
 -2.9327387955241573
 -2.6359265432566765
 -1.5493026150123708
 -0.72890347438041836
 0.80057613689074714
 1.4752466936490372
 1.5986312922464645
 1.773271563945114
 2.0180954208157722
 2.4743438772124406
 2.8453994079035461
 3.4586571012076135
 3.5973330588571812
 3.8980275816231611
 3.9053239793387
 3.915947498636756
 5.1087086984093304
 5.1734570957300807
 5.8677242129813383
 6.2452189796380466
 6.66425660139884
 8.0895547917220121
 8.4851082265305919


# name: Y
# type: matrix
# rows: 25
# columns: 25
 4.7184833429502149 6.0462215818315821 4.374077392237977 2.8692203122115925 6.451511382699767 6.0825160495438251 8.0401886379353904 5.7644449950309804 1.0266799493725394 4.7169933745624526 7.109663713873088 6.7791316034375697 1.7483294839594481 7.8566463097386237 3.0896914427563318 0.3597611682747881 6.0135903177770667 8.2395688367430893 8.6679866343807674 5.4120621517756522 5.1848082833585654 3.0225055916310901 4.9657825340215096 3.6485764664117037 6.072988404671694
 6.0462215818315821 2.0561513536800824 3.2950342956936569 4.1025622125833356 2.907561298137058 4.7117908935636832 4.2045922281196759 3.5832496643499332 7.1759873881665026 8.5238183292538015 5.9327096899447724 3.6853651746358422 7.3568173078842491 1.9109134601936999 4.1894675414237765 3.9785402600178239 5.7448058957813055 5.2006467698897998 5.024812260225695 4.0337218381354756 3.5965354907355667 3.4366265467576125 8.2433462996340729 5.6401853498685091 7.5551212828788561
 4.374077392237977 3.2950342956936569 7.1819699989049512 2.7415437963322224 3.8658022004984374 5.8406966337925299 4.2860981724884004 3.0157248339071097 6.9974929666426213 6.3048956069852116 6.4221341013650637 5.9006346420800888 3.4387986630034559 6.5030885869500814 5.3718936116574367 9.4082369412661748 5.0595579414156973 9.0028985945622289 4.6791899605281273 5.582773095345626 9.7506683936681942 4.598548008401437 5.2986365682314425 3.7270753426269692 7.7350922454997173
 2.8692203122115925 4.1025622125833356 2.7415437963322224 7.3592205241804001 5.1492045793347145 3.9748130082310675 2.8871000914465079 6.0768416099034406 8.4073324942930689 2.7380178179895402 5.5314858685621786 0.68520913625302771 6.1734971861975048 6.5729914429969902 4.545928509303077 6.3605434645067103 5.9293770144830944 6.8922542139385836 2.6366488505127128 5.2757716094750098 5.8508726370077238 5.2745030125651287 4.4141913189874469 3.8259122675329618 7.3821568752105229
 6.451511382699767 2.907561298137058 3.8658022004984374 5.1492045793347145 1.3248188212313694 5.2044735804723681 4.0702011929799466 7.5011748352855543 1.3099457978921696 0.79665776667895372 3.6111189647135995 7.0881073337989529 7.1706502914991956 5.4310493374221345 5.1821601739529939 4.8661178082091023 6.9449543515032293 2.5853498564731821 0.94531920458349961 1.8321658712793294 7.0117433689757878 8.6685382931437918 6.5254798702600905 0.71490394746481556 6.9471373520070241
 6.0825160495438251 4.7117908935636832 5.8406966337925299 3.9748130082310675 5.2044735804723681 6.9800655022243721 3.8752743527547491 5.5768790056108717 6.4994130647649939 4.0842156265893435 3.9286383262540467 6.2421016769341708 8.2462335587560851 6.3641766184310695 6.6046724136428319 2.4064166162034226 3.3186045451143209 3.3614003330548998 2.8348621124105353 4.0980773738014138 8.1230935236300184 6.4707045627978514 0.47519651059966361 5.8111199387296946 6.1912080313378031
 8.0401886379353904 4.2045922281196759 4.2860981724884004 2.8871000914465079 4.0702011929799466 3.8752743527547491 6.550531312673721 3.1336744799910559 4.9598783088348979 5.3165779156190345 3.6178643147943483 2.9454632429283847 3.0924330003598755 4.3784028315481152 4.9254975972314679 5.3226383195252165 1.996260949047004 7.1583734075836389 3.6923308803217445 8.7019627820369276 0.71774808991475869 5.2317079604953518 8.8325959436122723 5.9981560756881791 4.7550613032152169
 5.7644449950309804 3.5832496643499332 3.0157248339071097 6.0768416099034406 7.5011748352855543 5.5768790056108717 3.1336744799910559 9.9819404379321437 3.1966915645649574 6.9220690791390247 4.6418939666464984 7.1863050160571689 5.0714631679688909 7.2700376358804677 5.0344884702026569 8.6353777211537022 4.5331569336594226 5.7135168482432217 3.4122523686162429 1.905566426095272 8.1774569114821745 5.1311792443833193 3.5694103505032588 5.755087671148253 6.9632904320772191
 1.0266799493725394 7.1759873881665026 6.9974929666426213 8.4073324942930689 1.3099457978921696 6.4994130647649939 4.9598783088348979 3.1966915645649574 3.7161509374294921 5.7237999303231097 5.0085814249651559 5.8331477802415552 5.5759827160786948 5.7435003463404231 4.4135901560976896 3.1239450517491472 2.0203069019185262 1.8405082754007933 1.9151889119969643 4.643404522950032 5.0600680879689328 7.5235856639154886 3.9746351736359808 6.6057806871301086 4.9104876469254917
 4.7169933745624526 8.5238183292538015 6.3048956069852116 2.7380178179895402 0.79665776667895372 4.0842156265893435 5.3165779156190345 6.9220690791390247 5.7237999303231097 5.8105078174985962 5.4641330303532207 3.92326050686078 6.6617361431280049 4.1132827231978499 5.1344180221795517 5.8988898739539479 2.0078527890772491 4.536328272479035 7.1281927095297384 2.852833254911439 1.0573377331636986 5.999977842032898 6.9618781460202559 2.8623013912504724 6.6880608734769051
 7.109663713873088 5.9327096899447724 6.4221341013650637 5.5314858685621786 3.6111189647135995 3.9286383262540467 3.6178643147943483 4.6418939666464984 5.0085814249651559 5.4641330303532207 1.614977826971763 6.0356646173872086 6.1993016732715285 6.6210886429614071 4.1863952944978138 2.8768509378908638 5.3874989704521346 5.3171686916426601 6.6139057162179657 5.7971985136445783 2.6703714467043156 4.896779882166248 7.0971863298716009 4.215500141869903 2.469477771161146
 6.7791316034375697 3.6853651746358422 5.9006346420800888 0.68520913625302771 7.0881073337989529 6.2421016769341708 2.9454632429283847 7.1863050160571689 5.8331477802415552 3.92326050686078 6.0356646173872086 5.7133927275358332 4.0176324354214739 4.9203633294268165 7.2646402167120829 7.5575045251832336 6.0343358593447558 5.9947183310440302 7.505487104255244 5.2396321882807229 1.9225933776174937 5.8455339906413446 5.5733103575572027 2.8731948885179461 3.8813374959732605
 1.7483294839594481 7.3568173078842491 3.4387986630034559 6.1734971861975048 7.1706502914991956 8.2462335587560851 3.0924330003598755 5.0714631679688909 5.5759827160786948 6.6617361431280049 6.1993016732715285 4.0176324354214739 9.2449467057680117 6.6263697354548974 6.133126104993293 5.4497874980429657 6.3986942371826734 6.8697691885014853 8.9793394040181056 4.3678563827146295 7.1755889264553137 5.2727612477829142 1.778942301380575 4.4773962453432894 0.89320078803015568
 7.8566463097386237 1.9109134601936999 6.5030885869500814 6.5729914429969902 5.4310493374221345 6.3641766184310695 4.3784028315481152 7.2700376358804677 5.7435003463404231 4.1132827231978499 6.6210886429614071 4.9203633294268165 6.6263697354548974 7.3796085399022626 1.1008897793053907 3.7091839454755533 4.0229879624497347 1.793127244066276 8.9079253805887362 0.19413282126435227 1.9133828728687863 6.3002671564871822 9.2645468707174068 6.6506406541077521 5.728702883338693
 3.0896914427563318 4.1894675414237765 5.3718936116574367 4.545928509303077 5.1821601739529939 6.6046724136428319 4.9254975972314679 5.0344884702026569 4.4135901560976896 5.1344180221795517 4.1863952944978138 7.2646402167120829 6.133126104993293 1.1008897793053907 1.8531911965440739 4.6954827484223998 6.1377847738714637 3.6870933157853587 6.4578764024138229 3.8186374993860435 4.6595533597608636 1.9143308616247441 3.7557213481309089 3.1222134388005687 3.0459454706928035
 0.3597611682747881 3.9785402600178239 9.4082369412661748 6.3605434645067103 4.8661178082091023 2.4064166162034226 5.3226383195252165 8.6353777211537022 3.1239450517491472 5.8988898739539479 2.8768509378908638 7.5575045251832336 5.4497874980429657 3.7091839454755533 4.6954827484223998 9.5649718073121761 5.9045128178944681 4.2001246318385705 4.4993102867289245 8.2442698227860518 8.6137348586075895 1.5024189812708322 4.3428623323811841 4.0155152850931479 7.7775545665578818
 6.0135903177770667 5.7448058957813055 5.0595579414156973 5.9293770144830944 6.9449543515032293 3.3186045451143209 1.996260949047004 4.5331569336594226 2.0203069019185262 2.0078527890772491 5.3874989704521346 6.0343358593447558 6.3986942371826734 4.0229879624497347 6.1377847738714637 5.9045128178944681 3.6741896791714304 8.4050713142487758 5.5754526301693028 0.67549915129466009 8.0824786118806973 4.4084615768303559 8.8196233092082785 6.9149597809747476 7.8081402515663303
 8.2395688367430893 5.2006467698897998 9.0028985945622289 6.8922542139385836 2.5853498564731821 3.3614003330548998 7.1583734075836389 5.7135168482432217 1.8405082754007933 4.536328272479035 5.3171686916426601 5.9947183310440302 6.8697691885014853 1.793127244066276 3.6870933157853587 4.2001246318385705 8.4050713142487758 0.51552701607696871 4.8065685247653809 4.8309848305309018 7.3738908957430143 5.3713008839311591 4.9542974450754631 1.3433849472696435 4.8048764224084648
 8.6679866343807674 5.024812260225695 4.6791899605281273 2.6366488505127128 0.94531920458349961 2.8348621124105353 3.6923308803217445 3.4122523686162429 1.9151889119969643 7.1281927095297384 6.6139057162179657 7.505487104255244 8.9793394040181056 8.9079253805887362 6.4578764024138229 4.4993102867289245 5.5754526301693028 4.8065685247653809 2.0118608478461066 6.3966223015788071 8.2195293377936167 6.8176868320656023 8.2331742408482942 3.7377855001003555 6.5309613200391432
 5.4120621517756522 4.0337218381354756 5.582773095345626 5.2757716094750098 1.8321658712793294 4.0980773738014138 8.7019627820369276 1.905566426095272 4.643404522950032 2.852833254911439 5.7971985136445783 5.2396321882807229 4.3678563827146295 0.19413282126435227 3.8186374993860435 8.2442698227860518 0.67549915129466009 4.8309848305309018 6.3966223015788071 7.131720073028931 4.345505141695531 3.1805496686067585 3.7257613574760255 2.8917499021820463 4.5991246147757963
 5.1848082833585654 3.5965354907355667 9.7506683936681942 5.8508726370077238 7.0117433689757878 8.1230935236300184 0.71774808991475869 8.1774569114821745 5.0600680879689328 1.0573377331636986 2.6703714467043156 1.9225933776174937 7.1755889264553137 1.9133828728687863 4.6595533597608636 8.6137348586075895 8.0824786118806973 7.3738908957430143 8.2195293377936167 4.345505141695531 0.15569850525513518 6.3586173474532846 7.5947912485356763 2.6734669467055738 4.3964736397646735
 3.0225055916310901 3.4366265467576125 4.598548008401437 5.2745030125651287 8.6685382931437918 6.4707045627978514 5.2317079604953518 5.1311792443833193 7.5235856639154886 5.999977842032898 4.896779882166248 5.8455339906413446 5.2727612477829142 6.3002671564871822 1.9143308616247441 1.5024189812708322 4.4084615768303559 5.3713008839311591 6.8176868320656023 3.1805496686067585 6.3586173474532846 8.7972589181702787 6.3649853093049877 3.510282638683484 6.1125835590537347
 4.9657825340215096 8.2433462996340729 5.2986365682314425 4.4141913189874469 6.5254798702600905 0.47519651059966361 8.8325959436122723 3.5694103505032588 3.9746351736359808 6.9618781460202559 7.0971863298716009 5.5733103575572027 1.778942301380575 9.2645468707174068 3.7557213481309089 4.3428623323811841 8.8196233092082785 4.9542974450754631 8.2331742408482942 3.7257613574760255 7.5947912485356763 6.3649853093049877 2.1520275742461346 4.6627866840691654 3.9964304178479493
 3.6485764664117037 5.6401853498685091 3.7270753426269692 3.8259122675329618 0.71490394746481556 5.8111199387296946 5.9981560756881791 5.755087671148253 6.6057806871301086 2.8623013912504724 4.215500141869903 2.8731948885179461 4.4773962453432894 6.6506406541077521 3.1222134388005687 4.0155152850931479 6.9149597809747476 1.3433849472696435 3.7377855001003555 2.8917499021820463 2.6734669467055738 3.510282638683484 4.6627866840691654 7.6958443415728421 4.7163048949506559
 6.072988404671694 7.5551212828788561 7.7350922454997173 7.3821568752105229 6.9471373520070241 6.1912080313378031 4.7550613032152169 6.9632904320772191 4.9104876469254917 6.6880608734769051 2.469477771161146 3.8813374959732605 0.89320078803015568 5.728702883338693 3.0459454706928035 7.7775545665578818 7.8081402515663303 4.8048764224084648 6.5309613200391432 4.5991246147757963 4.3964736397646735 6.1125835590537347 3.9964304178479493 4.7163048949506559 8.7068959560962185


---Resultados---
-Norma resultado:1.2756e-09
# name: lambda_res
# type: diagonal matrix
# rows: 25
# columns: 25
-5.9030246286393266
-5.7416929790892475
-2.9327387955310122
-2.6359265432302061
-1.5493026150078524
-0.72890347433355551
0.80057613694347374
1.4752466936365132
1.5986312922341395
1.7732715639703838
2.018095420794582
2.4743438772073674
2.8453994078907732
3.4586571011904645
3.5973330588411523
3.898027581614214
3.9053239793564303
3.915947498694603
5.108708698344933
5.1734570956533936
5.8677242129756904
6.2452189795954345
6.6642566014367821
8.08955479095291
8.4851082275024545


# name: Y_res
# type: matrix
# rows: 25
# columns: 25
 0 0.65596904050453964 0 0 2.2500257732136633 0 1.1040662559121324 0 0 0 0.88740989013979199 0 0 0 0 0 0 1.4364993461014379 3.2744064818127443 0 0 0 0 0 0
 0.65596904050453964 0 0 0.0010902688286901791 0 0 0 0 2.9214666693496882 1.5117341333892746 0.17373784547150048 0 0.73266721972196736 0 0 0 0 0 0 0 0 0 2.8405940846285684 0.00039113417618218225 0.84330254027168994
 0 0 1.9099790612078813 0 0 0 0 0 0.27059623220790929 0 0.024088416836576892 0 0 0 0 0.6468947053259374 0 1.3215015301638942 0 0 1.7313194160555245 0 0 0 0.11153946945060486
 0 0.0010902688286901791 0 4.017831356875984 0 0 0 0 2.5186016509489044 0.013188709770463422 0 0 0 0 0 0 0.03132911132748166 0.90946753692765891 0 0 0 0.11671128580482602 0 0.017749005548403897 0.80141048914478563
 2.2500257732136633 0 0 0 0 0 0 0 0 0 0 0 1.3027089644571044 0 1.7856156262592404 0 0.0030842487865287115 0 0 0 0.47403325345264846 2.6793378797910545 0 0 0.51086622847212193
 0 0 0 0 0 3.631099803686642 0 0 0 0 0 0.18608440784376074 0.31226535269092215 0.13836308564041946 0.46760690152552209 0 0 0 0 0 1.7653614172218526 0 0 0 0.039984853687059639
 1.1040662559121324 0 0 0 0 0 2.830041163681003 0 0 0.03148266754349039 0 0 0 0 0 0 0 0.20115268365091554 0 1.372569136742843 0 0 2.568535415512986 0 0
 0 0 0 0 0 0 0 7.2805503900638033 0 0 0 0 0 0 0 1.3909580551581988 0 0 0 0 0.92749778053931398 0 0 0 0
 0 2.9214666693496882 0.27059623220790929 2.5186016509489044 0 0 0 0 0.6337673587936129 0 0.0033659349844072624 0.23609173143057921 0 0 0 0 0 0 0 0 0 0.81795031211596048 0 0.89707592216829324 0
 0 1.5117341333892746 0 0.013188709770463422 0 0 0.03148266754349039 0 0 2.9160381236922697 0 0 0 0 0 0 0.013436586506118356 0.010094963754684577 0.38740991215942067 0.097852123581063544 0 0 0.2237263102841745 0 0
 0.88740989013979199 0.17373784547150048 0.024088416836576892 0 0 0 0 0 0.0033659349844072624 0 1.7263086966658454 0 0 0.066370363742874028 0 0 0.0074772813106222056 0 0 0.51664815347324811 0 0 1.0251263854455028 0 0
 0 0 0 0 0 0.18608440784376074 0 0 0.23609173143057921 0 0 3.0641236178028555 0 0 0.8980643711018077 0.34175443850959675 0 0.60459668255042143 0.28193445135968187 0 0 0 0 0 0
 0 0.73266721972196736 0 0 1.3027089644571044 0.31226535269092215 0 0 0 0 0 0 2.999088831096151 0 0 0 0 0.49270564392607008 1.7416308561397629 0 0 0 0 0 0
 0 0 0 0 0 0.13836308564041946 0 0 0 0 0.066370363742874028 0 0 1.0735348210069067 0 0 3.3558257684537343e-05 0 1.5289923516455755 0 0 0 3.2412072215534415 0.88780990137627092 0
 0 0 0 0 1.7856156262592404 0.46760690152552209 0 0 0 0 0 0.8980643711018077 0 0 2.0220549548026385 0 0 0 1.2612682974390301 0 0 0 0 0 0
 0 0 0.6468947053259374 0 0 0 0 1.3909580551581988 0 0 0 0.34175443850959675 0 0 0 5.0302930253182421 0 0 0 0.80969316741186348 0.85630770522953692 0 0 0 0
 0 0 0 0.03132911132748166 0.0030842487865287115 0 0 0 0 0.013436586506118356 0.0074772813106222056 0 0 3.3558257684537343e-05 0 0 0 2.1207982013301798 0 0 0 0 2.5916327445114291 1.3430000949759937 0.48163478441117646
 1.4364993461014379 0 1.3215015301638942 0.90946753692765891 0 0 0.20115268365091554 0 0 0.010094963754684577 0 0.60459668255042143 0.49270564392607008 0 0 0 2.1207982013301798 0 0 0 0.15271652826824011 0 0 0 0
 3.2744064818127443 0 0 0 0 0 0 0 0 0.38740991215942067 0 0.28193445135968187 1.7416308561397629 1.5289923516455755 1.2612682974390301 0 0 0 0 0 2.1331945540428361 0 0 0 0
 0 0 0 0 0 0 1.372569136742843 0 0 0.097852123581063544 0.51664815347324811 0 0 0 0 0.80969316741186348 0 0 0 4.1398069056120388 0 0 0 0 0
 0 0 1.7313194160555245 0 0.47403325345264846 1.7653614172218526 0 0.92749778053931398 0 0 0 0 0 0 0 0.85630770522953692 0 0.15271652826824011 2.1331945540428361 0 0 0 0 0 0
 0 0 0 0.11671128580482602 2.6793378797910545 0 0 0 0.81795031211596048 0 0 0 0 0 0 0 0 0 0 0 0 4.364106545083164 0 0.15065639622581783 0
 0 2.8405940846285684 0 0 0 0 2.568535415512986 0 0 0.2237263102841745 1.0251263854455028 0 0 3.2412072215534415 0 0 2.5916327445114291 0 0 0 0 0 0 0 0
 0 0.00039113417618218225 0 0.017749005548403897 0 0 0 0 0.89707592216829324 0 0 0 0 0.88780990137627092 0 0 1.3430000949759937 0 0 0 0 0.15065639622581783 0 6.173148532475154 0.0060075264114283272
 0 0.84330254027168994 0.11153946945060486 0.80141048914478563 0.51086622847212193 0.039984853687059639 0 0 0 0 0 0 0 0 0 0 0.48163478441117646 0 0 0 0 0 0 0.0060075264114283272 4.0915199951403167


#------------------------------------------#
-Simulacion N.3
Total de iteraciones:1001
Tiempo de ejecucion:18.6732
---Datos Iniciales---
# name: lambda
# type: matrix
# rows: 25
# columns: 1
 -9.4882073833158529
 -8.5927978073142253
 -8.5827973500199128
 -7.8322204960472241
 -7.748519195384274
 -7.1628749557467835
 -6.502809814148371
 -5.5259036795226297
 -3.8829568496076021
 -0.58048130282466026
 -0.3537761619819495
 -0.2210397368756496
 0.65100436889270341
 1.0032132570441732
 1.1311622306513236
 1.5941129263268934
 1.6148253267971651
 1.7485145159403466
 4.2900009504568501
 4.6381190518797073
 4.7693609045060619
 6.3963956065550853
 6.5637140838357375
 9.1957730082335658
 9.6550387941373685


# name: Y
# type: matrix
# rows: 25
# columns: 25
 6.6785955301692628 6.7914026819198092 3.582282478608211 5.5867366398952711 5.2275271599282274 4.0691514444516361 5.6203386499644807 2.1089090486236617 5.4907533781630953 4.3024323061828369 0.51094254250753202 7.5764468419735369 5.9722627115429514 9.6013184782384009 5.0596677171270308 7.7500229819367075 2.3492186307859382 7.1130390868414253 6.6964517549951914 6.7406077446468711 5.46710511621108 6.8040945535471549 3.0804180367390428 1.2648951014653878 6.4647830107492279
 6.7914026819198092 9.7479551055420455 5.6616710401885726 4.6660035384387202 1.9828593931073946 2.6450334035732115 5.3650201476722792 5.3877144138364983 2.9879107520886894 7.2268699393222047 7.4549422170644988 4.1085926230365306 5.4274936316080611 3.6565225511754855 6.2520332718446614 5.0992651563331952 4.5365689175658366 0.8873291374039971 6.2560133004145602 5.3102656264275785 4.134402365787861 6.4340083208717722 4.6609606585718737 3.220429642453535 0.9926439343025284
 3.582282478608211 5.6616710401885726 1.3722432926739592 7.014651734124592 5.1098704252867 2.7036184661908855 1.10405055742345 3.6789374072591809 1.4837057355731682 4.3170520319786405 4.6843485382372521 4.7468688598054314 6.9518489265846855 4.5306996376432025 3.2746345738549483 5.4523325356576304 8.1723703502189124 6.0632973373392378 5.5199715120101187 6.150221406689635 2.8130295912181538 6.5595074140012386 0.67399702062950984 2.2328188592826552 9.4092631606176553
 5.5867366398952711 4.6660035384387202 7.014651734124592 5.4952261079815905 4.3317849786574332 7.6531461373582648 4.3062073334623943 3.020245040938033 6.3740592081158063 7.0344923476283778 7.7306564530720063 7.6243124418421555 1.1783474465142973 5.3151529732687139 2.7160779125316585 5.8918587674639955 4.2396191367464056 5.9898369228321693 7.9723238664563132 7.6592075595274931 3.4151902124049451 0.23089288790252904 5.2651909363380422 7.2848087569719961 6.2664488874560078
 5.2275271599282274 1.9828593931073946 5.1098704252867 4.3317849786574332 8.9436196481382346 5.5365998863639572 6.5713398153913367 8.2618833900759547 2.872956706720506 6.7120654660989887 3.3107453881928253 8.0774106837086102 5.2091067230066495 5.824327950644907 6.1472334776475446 1.901645431614285 5.5726976904405596 4.9958417792378231 4.1651897839051513 7.3897012321361402 7.3604762725259647 1.9765661207507752 8.5089944641904083 8.0120580037796785 4.4022405851680038
 4.0691514444516361 2.6450334035732115 2.7036184661908855 7.6531461373582648 5.5365998863639572 6.4494030008022083 4.1411670867318318 3.2032445976813579 6.8174882772349541 6.2467742891799842 5.4346063863054779 0.40365540592754712 6.9894015787989705 8.2679612094626993 3.0898291247019736 2.3928635008777741 5.7442327183396671 5.4540087395477714 4.2858349669288209 4.8573833338317387 2.0793094080399612 3.2816458465903824 4.3384508233746883 3.0759613452666335 7.9904105519743229
 5.6203386499644807 5.3650201476722792 1.10405055742345 4.3062073334623943 6.5713398153913367 4.1411670867318318 7.4361315957979848 6.4863641954246898 3.0136901066458233 4.422391478908545 7.992772351885332 3.555728900015128 3.4568809412619714 7.3847769772637291 5.0567224726534388 4.2367057990374262 5.3518989897145497 5.8691319250116125 7.5105900025815231 0.96156339200265173 4.9010441696861609 7.7907050645318225 4.3099793017173926 4.3213228836686062 1.5312284699629291
 2.1089090486236617 5.3877144138364983 3.6789374072591809 3.020245040938033 8.2618833900759547 3.2032445976813579 6.4863641954246898 6.0745316313059217 5.119178526479419 5.9092821758067249 3.6307034244655547 5.4313748169360263 3.9265406499254589 5.001699654989876 2.4978672253143199 3.0398439660291019 6.4297960646858945 4.6770065832467491 3.3085568366312725 7.9180819695148275 2.3564376316787614 6.2229301975767619 3.7464075010034743 6.6388512005957265 5.701218643936925
 5.4907533781630953 2.9879107520886894 1.4837057355731682 6.3740592081158063 2.872956706720506 6.8174882772349541 3.0136901066458233 5.119178526479419 5.2823367751752057 6.5541419224133879 5.5520874272044995 2.1923816859539897 5.0050192584282236 4.0628885297017439 4.0561935089638199 2.6308037995953359 5.7309501746315323 1.6996868051302467 6.9353621243973436 2.9404434822701373 0.4897054762840114 1.1680688743447043 2.4730232096359339 7.2374155208914139 4.6346681649867687
