#Resultados de la simulacion de P2.
#------------------------------------------#
-Precision:eps(10^-10)
-Dimension:15
-Maximo de Iteraciones:1000
-Maximo de Simulaciones:100
#------------------------------------------#
-Simulacion N.1
Total de iteraciones:910
Tiempo de ejecucion:7.7399
---Datos Iniciales---
# name: lambda
# type: matrix
# rows: 15
# columns: 1
 -8.6244319576719146
 -8.5116521837893764
 -3.97546445491467
 -3.3652460413855056
 -0.29773102773291704
 0.11269032198558193
 0.69308714118992754
 1.2048875398687979
 2.9544145208375845
 6.0643785208056826
 6.2682465966003456
 6.9296121716868555
 7.9047892540573521
 8.3602163716747064
 9.821677165094556


# name: Y
# type: matrix
# rows: 15
# columns: 15
 5.9632232530552045 5.5400280381392939 3.5565874452207473 3.1740263063344147 4.4363918403056282 5.3950338257134218 7.2099577625569786 4.4673023047880012 9.3075365225580278 4.2111568505027419 4.0474011075024956 8.3691654692298769 4.6571630599692551 3.3183864051202212 5.8842108169218079
 5.5400280381392939 6.0606145737138011 8.0859997507598482 5.9293821081664086 4.3520884788504208 9.0595164476172947 8.5199612614703319 3.3849967348326149 6.5578062504832246 3.5576638043009132 1.5105850844645163 2.832531940380953 5.2340385879040907 6.5960228705599819 8.0391181017695263
 3.5565874452207473 8.0859997507598482 2.1238546334909705 5.4767964463048795 1.4105555385607105 4.0192220713715523 7.6312711094665309 1.4802108392582984 4.3728675326190025 2.7265794560929502 4.8123174871375323 4.246374771707087 3.0813455517108967 4.6952544882436058 4.5273044921935934
 3.1740263063344147 5.9293821081664086 5.4767964463048795 8.6481818285607552 5.0008113864548092 6.1279523298026488 5.9000241209594231 3.4930583228360437 4.7018044033377659 4.4029285037352812 4.20839282460636 4.5940709029133959 7.1559526691017901 6.3878616942427549 2.0625705207193117
 4.4363918403056282 4.3520884788504208 1.4105555385607105 5.0008113864548092 1.0712029357234343 4.5942996090406769 0.61323702786477086 5.4226241915023223 5.4493363069769813 3.9985670272052292 1.9579940171564267 3.7121450589563465 4.9031166906071952 1.4070980760663065 4.2878872253018985
 5.3950338257134218 9.0595164476172947 4.0192220713715523 6.1279523298026488 4.5942996090406769 6.6756283399782994 4.5093851380701215 6.7621201032862182 5.7780225015849727 2.2772867066453619 5.1776371438200597 7.853098489679863 7.2627988939370445 4.3899372698304653 7.1024301107375756
 7.2099577625569786 8.5199612614703319 7.6312711094665309 5.9000241209594231 0.61323702786477086 4.5093851380701215 3.5356198173530231 3.4625113768599158 5.1879917072430537 9.1214043566074494 5.3736218834551703 3.9664823552103883 4.9338597882455542 4.8309020725111376 4.0047806545920608
 4.4673023047880012 3.3849967348326149 1.4802108392582984 3.4930583228360437 5.4226241915023223 6.7621201032862182 3.4625113768599158 5.9449243308260789 5.1615544238036053 3.6302958828774718 6.8615514951088308 1.1392282303942576 7.3611505607152647 6.7823656523713431 4.1621117093346447
 9.3075365225580278 6.5578062504832246 4.3728675326190025 4.7018044033377659 5.4493363069769813 5.7780225015849727 5.1879917072430537 5.1615544238036053 1.9565781695253048 7.9539878441952361 5.0522129313490725 2.6083536359869797 1.782086504323833 3.5354052463581942 6.3767205764665089
 4.2111568505027419 3.5576638043009132 2.7265794560929502 4.4029285037352812 3.9985670272052292 2.2772867066453619 9.1214043566074494 3.6302958828774718 7.9539878441952361 1.8801407585314356 6.8349980487685906 3.5145636635952262 7.4991633537811779 6.1143851951629289 7.588162562020857
 4.0474011075024956 1.5105850844645163 4.8123174871375323 4.20839282460636 1.9579940171564267 5.1776371438200597 5.3736218834551703 6.8615514951088308 5.0522129313490725 6.8349980487685906 9.1702554703753218 6.7672502007663029 6.299336018117307 2.0811879783410303 2.4368731089499143
 8.3691654692298769 2.832531940380953 4.246374771707087 4.5940709029133959 3.7121450589563465 7.853098489679863 3.9664823552103883 1.1392282303942576 2.6083536359869797 3.5145636635952262 6.7672502007663029 0.79391039656654394 5.5401706012991827 2.6251637419058307 2.3693985235640747
 4.6571630599692551 5.2340385879040907 3.0813455517108967 7.1559526691017901 4.9031166906071952 7.2627988939370445 4.9338597882455542 7.3611505607152647 1.782086504323833 7.4991633537811779 6.299336018117307 5.5401706012991827 3.0911692242698274 3.5528300217351325 4.2177924628636614
 3.3183864051202212 6.5960228705599819 4.6952544882436058 6.3878616942427549 1.4070980760663065 4.3899372698304653 4.8309020725111376 6.7823656523713431 3.5354052463581942 6.1143851951629289 2.0811879783410303 2.6251637419058307 3.5528300217351325 3.0038814472593875 6.5825742884352287
 5.8842108169218079 8.0391181017695263 4.5273044921935934 2.0625705207193117 4.2878872253018985 7.1024301107375756 4.0047806545920608 4.1621117093346447 6.3767205764665089 7.588162562020857 2.4368731089499143 2.3693985235640747 4.2177924628636614 6.5825742884352287 3.8288497927022593


---Resultados---
-Norma resultado:1.1501e-10
# name: lambda_res
# type: diagonal matrix
# rows: 15
# columns: 15
-8.6244319576595281
-8.5116521837230064
-3.9754644549264158
-3.3652460413874503
-0.29773102773749199
0.11269032198673594
0.69308714118751424
1.2048875398704357
2.9544145208353245
6.0643785207773924
6.2682465965925367
6.9296121716868653
7.9047892540683042
8.3602163716664126
9.8216771651787447


# name: Y_res
# type: matrix
# rows: 15
# columns: 15
 0 0 0 0 0 0 0 0 4.8110968995137728 0 0 6.2474094566311376 0 0 0
 0 0.58134499429438435 1.6503040964322271 0 0 4.8790019296901903 1.9196645511657979 0 0 0 0 0 0 0 0.079937424744321972
 0 1.6503040964322271 1.514510700208247 0 0 0.53830446875475557 1.2985128340904759 0 0 0 0 0 0 0 0
 0 0 0 7.9858007201817784 0 0 0.14046643889779922 0 0 0.015407265203956759 0 0 1.0625603752511021 0 0.081033458399415836
 0 0 0 0 0.37274574255307652 0 0 2.014911554153286 0.66388195948012152 0 0 1.8923933700327464 0 0 0
 0 4.8790019296901903 0.53830446875475557 0 0 1.3241682280908385 0 0.83594827204960009 0 0 0 3.1467243894796377 0 0 0
 0 1.9196645511657979 1.2985128340904759 0.14046643889779922 0 0 0 0 0 7.4244405040230692 0 0.09817168230399112 0 0 0
 0 0 0 0 2.014911554153286 0.83594827204960009 0 2.6469716786535691 0 0 0 0 2.7349865634494588 3.5519727022524035 0
 4.8110968995137728 0 0 0 0.66388195948012152 0 0 0 0.43426816006072216 1.3836725179170446 0 0 0 0 0
 0 0 0 0.015407265203956759 0 0 7.4244405040230692 0 1.3836725179170446 0 0 0 1.9973389548039662 1.5402910332265543 2.0468467644088832
 0 0 0 0 0 0 0 0 0 0 6.9351306827213977 0.1988903522351767 0 0 0
 6.2474094566311376 0 0 0 1.8923933700327464 3.1467243894796377 0.09817168230399112 0 0 0 0.1988903522351767 0 0.1129596205099786 0 0
 0 0 0 1.0625603752511021 0 0 0 2.7349865634494588 0 1.9973389548039662 0 0.1129596205099786 0 0 0
 0 0 0 0 0 0 0 3.5519727022524035 0 1.5402910332265543 0 0 0 0.61963825772879866 0
 0 0.079937424744321972 0 0.081033458399415836 0 0 0 0 0 2.0468467644088832 0 0 0 0 3.1248947739235691


#------------------------------------------#
-Simulacion N.2
Total de iteraciones:1001
Tiempo de ejecucion:7.6138
---Datos Iniciales---
# name: lambda
# type: matrix
# rows: 15
# columns: 1
 -9.7074525564776195
 -8.923108823891468
 -7.2599390959991794
 -6.0069604176013662
 -4.2400787153608572
 -2.5867003482903161
 -1.5447419658360051
 -1.270345583960701
 -0.41285795758580157
 -0.24443429083007828
 0.43063996118265635
 1.0016695135474212
 1.7276476892272505
 2.4520926658147975
 9.378979907307027


# name: Y
# type: matrix
# rows: 15
# columns: 15
 2.1333015467995287 1.1653441269384861 6.1634938103088643 1.2057573464347504 1.8259400312866059 0.55886687865411566 2.9405586336571359 1.9542365812158065 5.8382226698925574 5.7936842653588521 4.4197212586679795 5.2397764238069175 6.4849140988423688 7.1742986068903623 6.5480424181139574
 1.1653441269384861 8.6175750645479905 1.3699411764722924 3.8763235748724307 4.508227155114108 4.8576905504295329 7.6044368711977217 4.8628223163650599 8.159770165964769 7.3965381953310789 1.2838946448544353 4.0210292318269811 4.9663331065442851 2.7457086097327741 1.9717566141205549
 6.1634938103088643 1.3699411764722924 5.67949247205775 4.3116684555232281 6.103518347152475 7.3574019961754749 3.1411636727625432 0.87163709380047416 6.5819511532050932 6.7653436033557632 6.3459737011317063 5.8898585570016504 6.9772419611501926 4.580111323885327 6.963074735991988
 1.2057573464347504 3.8763235748724307 4.3116684555232281 6.399667833055255 0.4016911275376317 3.8857796120513206 6.4349134925928837 5.7066060166554333 4.1189706255703609 8.6649060169936725 0.77621426241446689 7.9766356404784151 5.4878191634657689 6.0662404924852584 6.6280779703786736
 1.8259400312866059 4.508227155114108 6.103518347152475 0.4016911275376317 9.5190045439418594 2.1518815187140672 7.3610465835754955 5.3840668362135471 4.2635635686704685 6.4150564417736273 6.7195441105947662 4.4248645471991548 5.7134967813637632 1.3054129876837361 6.3732969174295011
 0.55886687865411566 4.8576905504295329 7.3574019961754749 3.8857796120513206 2.1518815187140672 0.23019125786251315 3.7109323946433275 5.6044702411096647 7.6106565710077447 6.839123374367702 4.0550138797348696 9.5236948781319093 4.5166969316696477 7.4002037792992983 3.9758665065512377
 2.9405586336571359 7.6044368711977217 3.1411636727625432 6.4349134925928837 7.3610465835754955 3.7109323946433275 3.9398186815840974 6.0981114344805318 3.7690148703782693 3.2717754601096969 4.2534891071466232 3.4282045501108476 4.90006921427522 6.5981221800830596 5.5514928507616697
 1.9542365812158065 4.8628223163650599 0.87163709380047416 5.7066060166554333 5.3840668362135471 5.6044702411096647 6.0981114344805318 0.062314318741015784 7.6600876023623012 6.5292827251262642 6.6250543916743281 3.3079075819930099 6.5176781420638559 3.8914389761889332 4.7776399963078644
 5.8382226698925574 8.159770165964769 6.5819511532050932 4.1189706255703609 4.2635635686704685 7.6106565710077447 3.7690148703782693 7.6600876023623012 2.8085103254812003 6.0526319192824509 3.2897271751704458 6.7793527121178965 5.7970008924793239 7.9421961915016546 5.3289216590783957
 5.7936842653588521 7.3965381953310789 6.7653436033557632 8.6649060169936725 6.4150564417736273 6.839123374367702 3.2717754601096969 6.5292827251262642 6.0526319192824509 7.804816727165143 4.8356046746926404 6.4249433561900409 4.812419127366466 8.2999651410981752 4.7543797875699711
 4.4197212586679795 1.2838946448544353 6.3459737011317063 0.77621426241446689 6.7195441105947662 4.0550138797348696 4.2534891071466232 6.6250543916743281 3.2897271751704458 4.8356046746926404 9.6955805979251615 5.4251410406187155 4.893545642838582 5.3762076109121253 5.5068589060942674
 5.2397764238069175 4.0210292318269811 5.8898585570016504 7.9766356404784151 4.4248645471991548 9.5236948781319093 3.4282045501108476 3.3079075819930099 6.7793527121178965 6.4249433561900409 5.4251410406187155 8.3330805227001488 8.6218096516144147 4.2097867432738019 5.6059107844361495
 6.4849140988423688 4.9663331065442851 6.9772419611501926 5.4878191634657689 5.7134967813637632 4.5166969316696477 4.90006921427522 6.5176781420638559 5.7970008924793239 4.812419127366466 4.893545642838582 8.6218096516144147 4.9049122158639991 7.0098555545095156 7.1546717849326527
 7.1742986068903623 2.7457086097327741 4.580111323885327 6.0662404924852584 1.3054129876837361 7.4002037792992983 6.5981221800830596 3.8914389761889332 7.9421961915016546 8.2999651410981752 5.3762076109121253 4.2097867432738019 7.0098555545095156 0.22120393925845971 3.6402792835211928
 6.5480424181139574 1.9717566141205549 6.963074735991988 6.6280779703786736 6.3732969174295011 3.9758665065512377 5.5514928507616697 4.7776399963078644 5.3289216590783957 4.7543797875699711 5.5068589060942674 5.6059107844361495 7.1546717849326527 3.6402792835211928 5.4724221993676085


---Resultados---
-Norma resultado:7.0245
# name: lambda_res
# type: diagonal matrix
# rows: 15
# columns: 15
-7.893746555227338
-7.1094028226411883
-5.4462330947488979
-4.1932544163510848
-2.426372714110574
-0.77299434704003378
0.2689640354142751
0.54336041728958151
1.4008480436644808
1.5692717104202056
2.2443459624329369
2.8153755147977044
3.5413536904775342
4.2657986670650745
11.192685908557317


# name: Y_res
# type: matrix
# rows: 15
# columns: 15
 0 2.26832895277419e-15 0.15209091171648714 9.6237340307033236e-14 3.5718043351352794e-14 3.2488492057266885e-15 1.5737873909423355e-13 8.7718224478186978e-14 0.97342691787915347 1.4252487357932448 0.70084193926426797 0.63004212700912077 1.8653301352560028 3.0464241681112423 2.2744932751273588
 2.26832895277419e-15 0 0.00020727942242581204 3.0770954210343492e-15 7.0367243352359042e-16 2.3863854344798734e-13 3.0710258632014824 0 3.0936916227736373 2.2155648198407545 0.10870299391067198 0.53293172858403892 0.83222219971212685 0 0.065816648382764492
 0.15209091171648714 0.00020727942242581204 0 0.047470820034816771 1.3189658290306454 2.5580859028166945 5.6377641791944369e-15 2.682224628061708e-15 0.81567593130480975 0.81462437223026085 1.3492911780122734 3.630895642348296e-15 0.9293767947793572 7.7552193547735263e-16 1.5041640077712544
 9.6237340307033236e-14 3.0770954210343492e-15 0.047470820034816771 0 7.8810592328519935e-16 1.5147612277382913e-13 2.1480708742179369 1.3328431422754163 0.026917835607697688 2.8369815207298057 1.6858971713635395e-15 2.4820519109880586 5.4129265260260012e-15 0.15654423781322169 2.4781028628348181
 3.5718043351352794e-14 7.0367243352359042e-16 1.3189658290306454 7.8810592328519935e-16 0 6.1943400917753232e-15 2.4698378280694318 0.91479738331181615 0 1.8322452190131493 0.25589427063498005 0.7327994603743393 0.99137480120249144 9.4859383878412587e-14 0.72839651337523736
 3.2488492057266885e-15 2.3863854344798734e-13 2.5580859028166945 1.5147612277382913e-13 6.1943400917753232e-15 0 0.026737280710910489 0.89582037600589071 1.8897631327345192 0.6001216432111548 1.2240053535995372e-15 3.4177336129119755 9.7350885607617293e-15 2.3050122922837648 0.054326720243427148
 1.5737873909423355e-13 3.0710258632014824 5.6377641791944369e-15 2.1480708742179369 2.4698378280694318 0.026737280710910489 0 0.15257559627900086 1.2214390308415973e-14 2.3971667756662278e-15 0.58651985738932022 7.3703686379241721e-14 0 3.1307529468659325 0.60910465858341512
 8.7718224478186978e-14 0 2.682224628061708e-15 1.3328431422754163 0.91479738331181615 0.89582037600589071 0.15257559627900086 0 3.1969970922940845 1.0836426029813886 2.434565029385801 8.7222248959226524e-15 1.9611835400564548 5.1226913666096543e-15 0.65888785412668671
 0.97342691787915347 3.0936916227736373 0.81567593130480975 0.026917835607697688 0 1.8897631327345192 1.2214390308415973e-14 3.1969970922940845 0 6.5699664176289827e-15 0 1.4256107463127651e-13 1.2455061515639652e-15 1.4889438362172744 0.13162308608960338
 1.4252487357932448 2.2155648198407545 0.81462437223026085 2.8369815207298057 1.8322452190131493 0.6001216432111548 2.3971667756662278e-15 1.0836426029813886 6.5699664176289827e-15 0 0 0 1.3545467541778816e-15 1.8144117368563371 6.9064234528312187e-16
 0.70084193926426797 0.10870299391067198 1.3492911780122734 1.6858971713635395e-15 0.25589427063498005 1.2240053535995372e-15 0.58651985738932022 2.434565029385801 0 0 0 1.2602744396055885 6.4544607554937633e-15 0.52169261004304068 0.044704816782566353
 0.63004212700912077 0.53293172858403892 3.630895642348296e-15 2.4820519109880586 0.7327994603743393 3.4177336129119755 7.3703686379241721e-14 8.7222248959226524e-15 1.4256107463127651e-13 0 1.2602744396055885 0 2.6916131618600256 5.8961921672677531e-15 7.4621647774428495e-15
 1.8653301352560028 0.83222219971212685 0.9293767947793572 5.4129265260260012e-15 0.99137480120249144 9.7350885607617293e-15 0 1.9611835400564548 1.2455061515639652e-15 1.3545467541778816e-15 6.4544607554937633e-15 2.6916131618600256 0 1.0475034916395061 0.32863369354740501
 3.0464241681112423 0 7.7552193547735263e-16 0.15654423781322169 9.4859383878412587e-14 2.3050122922837648 3.1307529468659325 5.1226913666096543e-15 1.4889438362172744 1.8144117368563371 0.52169261004304068 5.8961921672677531e-15 1.0475034916395061 0 3.0651571963612525e-15
 2.2744932751273588 0.065816648382764492 1.5041640077712544 2.4781028628348181 0.72839651337523736 0.054326720243427148 0.60910465858341512 0.65888785412668671 0.13162308608960338 6.9064234528312187e-16 0.044704816782566353 7.4621647774428495e-15 0.32863369354740501 3.0651571963612525e-15 0


#------------------------------------------#
-Simulacion N.3
Total de iteraciones:1001
Tiempo de ejecucion:7.0219
---Datos Iniciales---
# name: lambda
# type: matrix
# rows: 15
# columns: 1
 -6.3472104107759737
 -5.5563826795668803
 -4.0527976786743958
 -3.1908856525912839
 -2.9317015503602351
 -2.7757096204915204
 -1.5893582316304844
 -0.86443626696452469
 0.58592948165230574
 1.2178089705913937
 1.996865679886227
 4.6365923016891291
 4.6668915103370097
 5.2162490073948558
 8.458935688483578


# name: Y
# type: matrix
# rows: 15
# columns: 15
 1.2061166866022077 6.2812042860028221 4.7873528887345582 3.7300676648027933 3.2459488831521983 5.7787503000379141 2.2861421010619085 8.3617023181915169 4.9679140766368572 1.9127821465678503 3.4312684501553847 7.4705737034589443 7.5215121695976119 3.1430080008320869 3.366295358109284
 6.2812042860028221 4.4243379116410697 4.0596664899374018 7.1059332571772673 5.478404911452448 4.7018849115933001 3.6322469486382429 3.9036244706857168 5.6915972877990573 9.1959370312971132 4.2418714131488962 0.37927359997186549 2.8743426422868548 4.4358579762953623 7.7672883825491876
 4.7873528887345582 4.0596664899374018 1.6502220504953224 3.1779158132066847 3.5706966058444056 6.809205040821257 1.1560599830151381 7.3152638005540478 5.1986828737291324 6.8346971899222915 8.7314067656113501 2.9741220226600102 3.9046534560114772 6.1965005880774768 7.1534191609515805
 3.7300676648027933 7.1059332571772673 3.1779158132066847 2.6106027925767239 4.8714150225180104 4.6137789906193376 7.9383450297992262 7.8119902509916219 8.230003706684343 6.5415651169859119 3.6606054107193304 4.1963513406376176 4.019745203448668 6.6309770376350814 4.3224235657378136
 3.2459488831521983 5.478404911452448 3.5706966058444056 4.8714150225180104 1.8627981591510423 3.4572855331559236 2.069459419904593 8.5724809556470465 2.2507229707706418 3.3067022009074174 8.6539098701450428 2.0517686852522301 2.2125069762715985 8.3299020942736774 8.4965957421027838
 5.7787503000379141 4.7018849115933001 6.809205040821257 4.6137789906193376 3.4572855331559236 9.4794658517075625 5.6518016884927285 4.5961864849647043 5.9583633882249325 5.8390983099419609 3.8077481494971512 2.9136506097807615 7.6750982491713096 8.6191708755798153 6.7259175907001261
 2.2861421010619085 3.6322469486382429 1.1560599830151381 7.9383450297992262 2.069459419904593 5.6518016884927285 7.5973687248035491 2.4541846973644974 6.5251796606466073 8.6993678118081146 6.2879375515677918 4.2256185872916694 2.1215597988940176 2.2740034843576646 5.1572400152006281
 8.3617023181915169 3.9036244706857168 7.3152638005540478 7.8119902509916219 8.5724809556470465 4.5961864849647043 2.4541846973644974 3.4007532112212466 8.0007529557164947 6.7927210290405551 5.9774529853030689 4.2626550248522159 5.1308158051929329 5.210156942569526 4.6591669708629286
 4.9679140766368572 5.6915972877990573 5.1986828737291324 8.230003706684343 2.2507229707706418 5.9583633882249325 6.5251796606466073 8.0007529557164947 1.3736905806389743 5.0731696506192936 5.6266892931501591 7.0760832353344894 4.7406769919709113 5.7070528881320435 9.0849465032817136
 1.9127821465678503 9.1959370312971132 6.8346971899222915 6.5415651169859119 3.3067022009074174 5.8390983099419609 8.6993678118081146 6.7927210290405551 5.0731696506192936 4.2484628453155304 8.7992550655564745 4.6106443483894788 4.0483738409080194 1.3556162586883396 2.859458472039579
 3.4312684501553847 4.2418714131488962 8.7314067656113501 3.6606054107193304 8.6539098701450428 3.8077481494971512 6.2879375515677918 5.9774529853030689 5.6266892931501591 8.7992550655564745 8.0383190106137388 1.1964219962525906 8.8053568871879779 3.7508629520751651 4.5263658460702052
 7.4705737034589443 0.37927359997186549 2.9741220226600102 4.1963513406376176 2.0517686852522301 2.9136506097807615 4.2256185872916694 4.2626550248522159 7.0760832353344894 4.6106443483894788 1.1964219962525906 1.2357739929954892 6.3419523185344229 2.8168098014567593 6.7791656145306618
 7.5215121695976119 2.8743426422868548 3.9046534560114772 4.019745203448668 2.2125069762715985 7.6750982491713096 2.1215597988940176 5.1308158051929329 4.7406769919709113 4.0483738409080194 8.8053568871879779 6.3419523185344229 6.3760504231215265 3.6796940838542094 6.2870078313601487
 3.1430080008320869 4.4358579762953623 6.1965005880774768 6.6309770376350814 8.3299020942736774 8.6191708755798153 2.2740034843576646 5.210156942569526 5.7070528881320435 1.3556162586883396 3.7508629520751651 2.8168098014567593 3.6796940838542094 7.292023658603326 6.2477361058250995
 3.366295358109284 7.7672883825491876 7.1534191609515805 4.3224235657378136 8.4965957421027838 6.7259175907001261 5.1572400152006281 4.6591669708629286 9.0849465032817136 2.859458472039579 4.5263658460702052 6.7791656145306618 6.2870078313601487 6.2477361058250995 3.6668038806754852


---Resultados---
-Norma resultado:0.13664
# name: lambda_res
# type: diagonal matrix
# rows: 15
# columns: 15
-6.3119297807079171
-5.5211020494988245
-4.0175170486063383
-3.1556050225232344
-2.8964209202921802
-2.7404289904234713
-1.5540776015624347
-0.8291556368964732
0.62121011172035878
1.2530896006594436
2.0321463099542809
4.6718729317571839
4.7021721404050636
5.2515296374629123
8.4942163185516293


# name: Y_res
# type: matrix
# rows: 15
# columns: 15
 0 1.0246530737752726 0.34957850403421681 2.598615212010377e-15 4.7669807593002763e-15 0.55515322940870981 1.1710091237664704e-13 1.6300677823160536 0.22401015894179141 1.7308484418758004e-15 7.9232432946033228e-15 2.5857180819087322 2.9333395888478004 5.7641100169878193e-16 2.2430951018732592e-14
 1.0246530737752726 0 4.5073443870443161e-15 1.6138372612781393 0.13551582220586167 4.6109557905992774e-15 7.438419343143274e-14 0.010534239818057102 0.47262705522167353 2.469316456666351 1.1246268942627632e-14 2.5232280142982768e-14 1.2270371731931574e-14 1.8473389143816813e-14 2.0468754777041118
 0.34957850403421681 4.5073443870443161e-15 0 0 1.2070677719668356e-13 0 1.0969944513788612e-13 0.52186632352609386 0 1.0399255499055751 3.8660972443895707 2.08574113179759e-15 0.42223565121016637 0.34562528948112536 5.6107187017679604e-15
 2.598615212010377e-15 1.6138372612781393 0 0 4.4316173348648672e-14 0.11383320718218398 3.1966208000767109 1.3610967697875571 1.7323157340613839 0.60819494948983333 3.122048199133861e-14 0.35327252810936177 1.0586995367483756e-14 0.49513883241394563 5.0137279211372628e-15
 4.7669807593002763e-15 0.13551582220586167 1.2070677719668356e-13 4.4316173348648672e-14 0 0.13062005422139561 5.5721656719794729e-15 1.2857202775768832 2.2503192775144547e-14 7.0374075965365452e-14 2.2960270607986821 0 2.7334071387820643e-15 3.2656127819811811 2.5494906317310049
 0.55515322940870981 4.6109557905992774e-15 0 0.11383320718218398 0.13062005422139561 0 1.3637956387732702e-15 0.030544924303018129 1.0142125426144825e-14 4.8210139784641461e-15 0.048021846714335792 0.041527455321907505 0.54347931825844231 2.9790144475941229 0.082746391226468943
 1.1710091237664704e-13 7.438419343143274e-14 1.0969944513788612e-13 3.1966208000767109 5.5721656719794729e-15 1.3637956387732702e-15 0 5.4822221906797091e-15 1.5205713566364158 2.9166573981653761 8.0368148702168125e-15 0 0 9.320370969575035e-16 7.7505211223265679e-15
 1.6300677823160536 0.010534239818057102 0.52186632352609386 1.3610967697875571 1.2857202775768832 0.030544924303018129 5.4822221906797091e-15 0 1.2137704612054624e-14 1.3149305670854807 5.5514133920350466e-18 2.7925567462654886e-15 0.0008054419380268945 8.0578651817242707e-16 0
 0.22401015894179141 0.47262705522167353 0 1.7323157340613839 2.2503192775144547e-14 1.0142125426144825e-14 1.5205713566364158 1.2137704612054624e-14 0 7.1679735648859833e-15 1.26274775430993e-15 1.6235304219155502 4.7105805977154214e-14 0.63207384964257729 1.6469857057076984
 1.7308484418758004e-15 2.469316456666351 1.0399255499055751 0.60819494948983333 7.0374075965365452e-14 4.8210139784641461e-15 2.9166573981653761 1.3149305670854807 7.1679735648859833e-15 0 2.2064248893027876 1.5936999374208231e-15 1.2700188350223503e-16 1.9581967917764634e-15 3.098141659715577e-15
 7.9232432946033228e-15 1.1246268942627632e-14 3.8660972443895707 3.122048199133861e-14 2.2960270607986821 0.048021846714335792 8.0368148702168125e-15 5.5514133920350466e-18 1.26274775430993e-15 2.2064248893027876 0 8.2720131757526411e-14 1.9448620459381223 0 5.0953208520752911e-15
 2.5857180819087322 2.5232280142982768e-14 2.08574113179759e-15 0.35327252810936177 0 0.041527455321907505 0 2.7925567462654886e-15 1.6235304219155502 1.5936999374208231e-15 8.2720131757526411e-14 0 2.0727325900465212 0 1.5085252001880232
 2.9333395888478004 1.2270371731931574e-14 0.42223565121016637 1.0586995367483756e-14 2.7334071387820643e-15 0.54347931825844231 0 0.0008054419380268945 4.7105805977154214e-14 1.2700188350223503e-16 1.9448620459381223 2.0727325900465212 0 0.0071410043339147754 0.049442211381115049
 5.7641100169878193e-16 1.8473389143816813e-14 0.34562528948112536 0.49513883241394563 3.2656127819811811 2.9790144475941229 9.320370969575035e-16 8.0578651817242707e-16 0.63207384964257729 1.9581967917764634e-15 0 0 0.0071410043339147754 0 0.8629041572398608
 2.2430951018732592e-14 2.0468754777041118 5.6107187017679604e-15 5.0137279211372628e-15 2.5494906317310049 0.082746391226468943 7.7505211223265679e-15 0 1.6469857057076984 3.098141659715577e-15 5.0953208520752911e-15 1.5085252001880232 0.049442211381115049 0.8629041572398608 0


#------------------------------------------#
-Simulacion N.4
Total de iteraciones:1001
Tiempo de ejecucion:7.5821
---Datos Iniciales---
# name: lambda
# type: matrix
# rows: 15
# columns: 1
 -9.4705520946014161
 -7.9350697894191065
 -5.8392258773643029
 -5.6336331102162651
 -5.0543802584321202
 -4.7729154613751561
 -1.8999978820244046
 3.2791336819451189
 3.5317899952345559
 3.7177745376231357
 5.6810632347932817
 6.4592297994120145
 7.0429969511475612
 7.5484342130818014
 8.3507798861209999


# name: Y
# type: matrix
# rows: 15
# columns: 15
 8.61138187295834 2.9652190829995719 0.91709318173044063 6.2113646482616929 9.5100447770334444 2.2300806290965305 6.9513173125920851 4.6308585055794209 5.0074905597764818 5.936239542918063 5.3866919751682474 2.3202789089908422 5.1021391846993414 7.0612121160731487 7.8639349079382166
 2.9652190829995719 7.3773002131314236 9.5126999381400417 7.3799952548077457 9.0972651251900238 4.1334707911235338 4.2686755304848862 4.0428576263053246 5.3623579553576111 1.6162554271234886 4.0875500777169496 3.159940037342261 4.5068263799093806 4.1275765899207117 4.2966587820782394
 0.91709318173044063 9.5126999381400417 0.63277090438843331 0.82261384436592477 4.1320517003068407 3.7285937452265245 4.6110903836205388 6.3971860604385942 6.1531198973453822 3.4452769434927437 5.5880608414950856 6.8996454960938198 5.6620370395825343 5.2824213010243684 7.6449007354471199
 6.2113646482616929 7.3799952548077457 0.82261384436592477 2.1529471863645266 0.85236935759826271 1.8214591889058129 0.97721581738022589 3.8672282107182703 4.4038340846868334 5.3947746565616805 3.2861165059054875 6.2936953518438941 5.9314528296079523 5.0341515460427644 5.6273972585075676
 9.5100447770334444 9.0972651251900238 4.1320517003068407 0.85236935759826271 7.4641637346777765 4.2134967708311626 5.4415693092579502 3.9142026287436327 1.7477819573229751 3.7968727334333656 8.0616862674425001 0.7300071006681158 3.8947221590988361 2.7361950301485383 4.1767784917547823
 2.2300806290965305 4.1334707911235338 3.7285937452265245 1.8214591889058129 4.2134967708311626 8.0646700312765294 5.9709807249545186 4.23275241852539 2.3166397116081483 9.2797667646027762 5.7468701580313395 4.7165576173158028 7.3172722531189773 8.9952057395160594 6.8551354010635102
 6.9513173125920851 4.2686755304848862 4.6110903836205388 0.97721581738022589 5.4415693092579502 5.9709807249545186 4.9472819396691197 1.5749352383426327 4.8603643295973731 8.3424540983014772 2.5265763294647363 4.9989372209647858 4.1532022142917766 3.1927624792652898 5.9420579563544154
 4.6308585055794209 4.0428576263053246 6.3971860604385942 3.8672282107182703 3.9142026287436327 4.23275241852539 1.5749352383426327 5.778708230126373 2.3389423627413732 7.7085211386345645 6.1054620377001907 4.6018548270211372 8.5707680243145425 3.2845517469211418 7.6522518188890327
 5.0074905597764818 5.3623579553576111 6.1531198973453822 4.4038340846868334 1.7477819573229751 2.3166397116081483 4.8603643295973731 2.3389423627413732 7.9847633554214337 7.5395512616150988 1.7858248961912149 2.1913963532381144 5.5332408927252565 6.7741226271946156 5.726564532339248
 5.936239542918063 1.6162554271234886 3.4452769434927437 5.3947746565616805 3.7968727334333656 9.2797667646027762 8.3424540983014772 7.7085211386345645 7.5395512616150988 5.330730312677411 3.6393171730757796 5.8731442956976618 5.0999985925121996 1.7566886385339842 8.686974995177895
 5.3866919751682474 4.0875500777169496 5.5880608414950856 3.2861165059054875 8.0616862674425001 5.7468701580313395 2.5265763294647363 6.1054620377001907 1.7858248961912149 3.6393171730757796 2.113913441009807 5.1094966174846856 2.2664849734861949 4.8279270992820393 5.8169448995414985
 2.3202789089908422 3.159940037342261 6.8996454960938198 6.2936953518438941 0.7300071006681158 4.7165576173158028 4.9989372209647858 4.6018548270211372 2.1913963532381144 5.8731442956976618 5.1094966174846856 2.1353291084933614 5.3931870350998459 8.7477756686755406 5.3907845070728531
 5.1021391846993414 4.5068263799093806 5.6620370395825343 5.9314528296079523 3.8947221590988361 7.3172722531189773 4.1532022142917766 8.5707680243145425 5.5332408927252565 5.0999985925121996 2.2664849734861949 5.3931870350998459 9.8593074077172158 6.9352478754584901 6.3700380567201931
 7.0612121160731487 4.1275765899207117 5.2824213010243684 5.0341515460427644 2.7361950301485383 8.9952057395160594 3.1927624792652898 3.2845517469211418 6.7741226271946156 1.7566886385339842 4.8279270992820393 8.7477756686755406 6.9352478754584901 0.61824526868316965 7.7278962064249557
 7.8639349079382166 4.2966587820782394 7.6449007354471199 5.6273972585075676 4.1767784917547823 6.8551354010635102 5.9420579563544154 7.6522518188890327 5.726564532339248 8.686974995177895 5.8169448995414985 5.3907845070728531 6.3700380567201931 7.7278962064249557 3.9683105915037431


---Resultados---
-Norma resultado:0.83864
# name: lambda_res
# type: diagonal matrix
# rows: 15
# columns: 15
-8.9100975694595377
-7.7428066069370223
-5.8330394592299051
-5.6392331655153383
-5.0529697435634864
-4.7699763025862705
-1.8984690579580412
3.2786860450904398
3.5317898882995902
3.7209445390053264
5.679031504737539
6.4607398194119376
7.0449022088946167
7.7401477793098099
8.9123655606302723


# name: Y_res
# type: matrix
# rows: 15
# columns: 15
 0 0 0.53547034057718101 1.5046442066612276 6.7741169925825071 0 0 0 0 0 0 0 0 0 0
 0 0 7.0884344523935141 0.12593128508297088 1.738174820589331 0 0.083175835626047523 0 0 0 0 0 0 0 0.0026946754821268425
 0.53547034057718101 7.0884344523935141 0 0 0 0 0 0 0 0.20131796211266112 0 0 0 0 0
 1.5046442066612276 0.12593128508297088 0 0 0 0 0 0 0 0 0 8.3368157002713623 0 0 0
 6.7741169925825071 1.738174820589331 0 0 0 0 0 0 0 0 0 0.12906082499153307 0 0 0
 0 0 0 0 0 0 1.5849780347117541 0 0.026215854867435589 1.1750710373017881 0 0 0 4.65969775454389 0.1194313055972431
 0 0.083175835626047523 0 0 0 1.5849780347117541 0 0.0037542648636546489 0.035790597201320509 5.5515128709215729 0 0 0.16252737045391402 0 0
 0 0 0 0 0 0 0.0037542648636546489 0 0 0 1.2991359797158701 0 2.4535251076316071 0.030483746554035244 3.9458273683648448
 0 0 0 0 0 0.026215854867435589 0.035790597201320509 0 3.5320434196836721 0 0.00027384365749501163 0 0 0 0
 0 0 0.20131796211266112 0 0 1.1750710373017881 5.5515128709215729 0 0 0 0 0 0 0 0.61761603083084637
 0 0 0 0 0 0 0 1.2991359797158701 0.00027384365749501163 0 0 0 0 0.013302938667420241 4.0168471382871065
 0 0 0 8.3368157002713623 0.12906082499153307 0 0 0 0 0 0 0 0 0.53370007166399169 0
 0 0 0 0 0 0 0.16252737045391402 2.4535251076316071 0 0 0 0 2.9899720204462565 0 0
 0 0 0 0 0 4.65969775454389 0 0.030483746554035244 0 0 0.013302938667420241 0.53370007166399169 0 0 0
 0 0.0026946754821268425 0 0 0 0.1194313055972431 0 3.9458273683648448 0 0.61761603083084637 4.0168471382871065 0 0 0 0


#------------------------------------------#
-Simulacion N.5
Total de iteraciones:1001
Tiempo de ejecucion:7.2946
---Datos Iniciales---
# name: lambda
# type: matrix
# rows: 15
# columns: 1
 -9.8881231080080916
 -8.6271443703529886
 -7.7973490529391238
 -6.9498611562430179
 -5.3304726559012261
 -2.0718264685827243
 -1.7973284961204996
 1.9017567868942837
 3.0153028300171876
 6.6297631849455811
 6.6409915341802304
 7.2704439368281477
 8.9843814085853886
 9.8754639089874914
 9.9093466894301088


# name: Y
# type: matrix
# rows: 15
# columns: 15
 2.2986465195586945 4.0694236118389346 7.9986540366687633 5.0513927087268522 3.4447446279729359 4.0610431506106401 5.1237388024466464 6.417448773384363 4.100629622891395 3.2704124686464113 8.2389996582961604 1.7919110765300783 7.2421736160048944 8.7662556327666916 3.2775153040413114
 4.0694236118389346 6.4149976490705143 7.7210614416544434 4.4638135734350044 6.4558217109296212 1.4362709293625313 1.5814223669980914 3.4563239233874672 7.5174284138074823 5.437248414451977 4.7361400446826867 1.2511248864142228 7.0841034607438749 3.1352141497655475 6.2202660621829482
 7.9986540366687633 7.7210614416544434 1.1098409000442155 3.4728155810778061 4.5086152162408784 2.204019683399379 6.3267531754485669 5.8718778129366562 6.7075592416567718 5.9335176095115347 2.5641592175085566 2.8735932025113655 4.7969312418669112 2.6127177019008849 5.5138945393640757
 5.0513927087268522 4.4638135734350044 3.4728155810778061 3.3069244442816883 2.3576250243986174 5.6321757229233773 5.2015963381159782 5.0835853753968721 4.0517096037393303 5.1768904721374476 6.0221199280725708 4.7239781979151312 0.66435713792655726 7.1546379944206056 3.4147497758558236
 3.4447446279729359 6.4558217109296212 4.5086152162408784 2.3576250243986174 1.1890022782740961 6.7330141216295161 3.1909968679112248 2.8204199237733132 2.5369639198556055 2.2235736532485362 8.6299489160305924 2.2743161186283016 4.6332242619208719 4.63860892481833 6.2662607713733287
 4.0610431506106401 1.4362709293625313 2.204019683399379 5.6321757229233773 6.7330141216295161 1.0834293514768112 1.1370263253055901 3.3106607970543651 3.9500912789349694 3.0987735332016002 6.4948465790732381 7.0956052354027745 7.3417417112656169 5.4740577975239688 6.6673814191040126
 5.1237388024466464 1.5814223669980914 6.3267531754485669 5.2015963381159782 3.1909968679112248 1.1370263253055901 8.0688460632634538 1.5975275040715609 4.5063349687208749 6.6513289698926634 0.29894390798861692 6.9598907389446749 5.9940110652617324 5.9636046169173582 2.7387894261055989
 6.417448773384363 3.4563239233874672 5.8718778129366562 5.0835853753968721 2.8204199237733132 3.3106607970543651 1.5975275040715609 2.2736983416264778 2.8921812744765978 5.3657852480381925 8.1754364574788063 6.6804851108861723 2.018454802159825 6.9110559169491879 7.112078194209869
 4.100629622891395 7.5174284138074823 6.7075592416567718 4.0517096037393303 2.5369639198556055 3.9500912789349694 4.5063349687208749 2.8921812744765978 0.2472400999465818 2.6078764040810229 3.6508773510872636 4.2178723743730373 6.1395002500860638 7.3016440898858503 7.8183563173627659
 3.2704124686464113 5.437248414451977 5.9335176095115347 5.1768904721374476 2.2235736532485362 3.0987735332016002 6.6513289698926634 5.3657852480381925 2.6078764040810229 5.1498885765478839 3.359852593269598 4.664748218555582 6.1782931713488809 5.2891920250904469 3.1443663057766336
 8.2389996582961604 4.7361400446826867 2.5641592175085566 6.0221199280725708 8.6299489160305924 6.4948465790732381 0.29894390798861692 8.1754364574788063 3.6508773510872636 3.359852593269598 4.8503156993771102 4.2522520219710875 4.9846504263611173 4.4032790935384902 5.2224061676858415
 1.7919110765300783 1.2511248864142228 2.8735932025113655 4.7239781979151312 2.2743161186283016 7.0956052354027745 6.9598907389446749 6.6804851108861723 4.2178723743730373 4.664748218555582 4.2522520219710875 7.6119969364028641 6.2970989227259535 3.3965463212346734 7.3386398435488251
 7.2421736160048944 7.0841034607438749 4.7969312418669112 0.66435713792655726 4.6332242619208719 7.3417417112656169 5.9940110652617324 2.018454802159825 6.1395002500860638 6.1782931713488809 4.9846504263611173 6.2970989227259535 5.9239144203528014 3.773497420755159 4.4458390218053552
 8.7662556327666916 3.1352141497655475 2.6127177019008849 7.1546379944206056 4.63860892481833 5.4740577975239688 5.9636046169173582 6.9110559169491879 7.3016440898858503 5.2891920250904469 4.4032790935384902 3.3965463212346734 3.773497420755159 8.8551395619190778 3.9442231787822819
 3.2775153040413114 6.2202660621829482 5.5138945393640757 3.4147497758558236 6.2662607713733287 6.6673814191040126 2.7387894261055989 7.112078194209869 7.8183563173627659 3.1443663057766336 5.2224061676858415 7.3386398435488251 4.4458390218053552 3.9442231787822819 3.9985205521370926


---Resultados---
-Norma resultado:0.040079
# name: lambda_res
# type: diagonal matrix
# rows: 15
# columns: 15
-9.8792012237672306
-8.6178206732699145
-7.7866485278388886
-6.9393586016802278
-5.3302457882736389
-2.0625691134616031
-1.786874600310083
1.901853447591082
3.0246276968133934
6.6264708748433607
6.6523419036046381
7.279216708433192
8.9832454357039655
9.8720284888822007
9.9357015539344431


# name: Y_res
# type: matrix
# rows: 15
# columns: 15
 0 0.36912491180188201 5.6999352505147547 0 0 0 0 3.0035031822458915 0 0 0.67550589496710034 0 0 0 0
 0.36912491180188201 0 4.9773943216547742 0 0 0 0 0.17117230451169357 3.2989256026574894 0 0 0 0 0 0.60101405095587102
 5.6999352505147547 4.9773943216547742 0 0 0 0 0.77841925739721307 0.031677345672072116 0 0 0 0.17796327707479281 0 0 0
 0 0 0 0 0 0 0 0.0019779266601925977 0 4.0436621668645465 0.0033569389844748418 0 0 5.26524207888371 0
 0 0 0 0 0 0.7595605362334481 0 0 0 0 6.9100541105978817 0 0.064476368801457601 0.15196092057258387 0
 0 0 0 0 0.7595605362334481 0 0 0 0 0 0 0 9.8305799146212767 0 0
 0 0 0.77841925739721307 0 0 0 5.6498993665644317 0 0 1.9971965437098143 0 2.0050713943419782 0 0 0
 3.0035031822458915 0.17117230451169357 0.031677345672072116 0.0019779266601925977 0 0 0 0 0 0.34552543941617131 0.85343606883841494 2.4606624566061877 0 0 0
 0 3.2989256026574894 0 0 0 0 0 0 0 0 0 0 0 0.27221560224428787 6.5462096229404292
 0 0 0 4.0436621668645465 0 0 1.9971965437098143 0.34552543941617131 0 1.3479872042231802 0 0.084458679850944962 0 0 0
 0.67550589496710034 0 0 0.0033569389844748418 6.9100541105978817 0 0 0.85343606883841494 0 0 0 0 0 0 0
 0 0 0.17796327707479281 0 0 0 2.0050713943419782 2.4606624566061877 0 0.084458679850944962 0 0 0 0 4.3813712163258547
 0 0 0 0 0.064476368801457601 9.8305799146212767 0 0 0 0 0 0 0 0 0
 0 0 0 5.26524207888371 0.15196092057258387 0 0 0 0.27221560224428787 0 0 0 0 4.8748810104170763 0
 0 0.60101405095587102 0 0 0 0 0 0 6.5462096229404292 0 0 4.3813712163258547 0 0 0


#------------------------------------------#
-Simulacion N.6
Total de iteraciones:1001
Tiempo de ejecucion:7.3356
---Datos Iniciales---
# name: lambda
# type: matrix
# rows: 15
# columns: 1
 -7.7120270296726678
 -3.9889088347794877
 -3.575734694560559
 -3.0061064217682842
 -2.5166695106224557
 -2.4651106736926831
 -1.4750550554421835
 0.43294741150754312
 1.3796812161487022
 2.8295137297410999
 3.0449206667377062
 4.2987133007078846
