#Resultados de la simulacion de P2.
#------------------------------------------#
-Precision:eps(10^-10)
-Dimension:6
-Maximo de Iteraciones:1000
-Maximo de Simulaciones:100
#------------------------------------------#
-Simulacion N.1
Total de iteraciones:1001
Tiempo de ejecucion:0.57553
---Datos Iniciales---
# name: lambda
# type: matrix
# rows: 6
# columns: 1
 -9.5731786826500365
 -5.71976227483185
 -3.4403363343202091
 -3.0225764350889222
 3.4538185240022035
 4.5278458405618487


# name: Y
# type: matrix
# rows: 6
# columns: 6
 4.2368336364421406 8.2128050769345577 4.8617925342862005 6.3137331120325584 5.3820290890490652 4.1231665561160771
 8.2128050769345577 5.2833538624747192 2.7090328702988633 2.376427456272765 2.7789323033124669 7.5036845257980751
 4.8617925342862005 2.7090328702988633 8.1073732449650553 8.234166343586482 5.5119228361421424 3.1299503688145474
 6.3137331120325584 2.376427456272765 8.234166343586482 4.7929236219912124 6.5274967819862839 6.2303567249591341
 5.3820290890490652 2.7789323033124669 5.5119228361421424 6.5274967819862839 8.248074549724322 5.6251069726826994
 4.1231665561160771 7.5036845257980751 3.1299503688145474 6.2303567249591341 5.6251069726826994 6.724577678704593


---Resultados---
-Norma resultado:5.7053
# name: lambda_res
# type: diagonal matrix
# rows: 6
# columns: 6
-6.8838755902576638
-3.8176689131152322
-1.5382429726035891
-0.33327334269655406
5.3559118857188217
7.2171489329542178


# name: Y_res
# type: matrix
# rows: 6
# columns: 6
 0 5.0212391444069251 0 2.3369627131150052e-11 0 0.33331086181993397
 5.0212391444069251 0 0 0 0 4.946623880571301
 0 0 0 3.7937002219788161 2.224550415492585 0
 2.3369627131150052e-11 0 3.7937002219788161 0 1.8634655416581005 2.2975558398335793e-11
 0 0 2.224550415492585 1.8634655416581005 0 0
 0.33331086181993397 4.946623880571301 0 2.2975558398335793e-11 0 0


#------------------------------------------#
-Simulacion N.2
Total de iteraciones:1001
Tiempo de ejecucion:0.55974
---Datos Iniciales---
# name: lambda
# type: matrix
# rows: 6
# columns: 1
 -8.5351557794781048
 -8.0995407771131624
 -2.5456619130528901
 6.7823862594512256
 7.6456208810838717
 8.6849311650320509


# name: Y
# type: matrix
# rows: 6
# columns: 6
 6.239441938486511 5.5380837886400576 5.7063155262624727 1.1433176160271019 1.9785920091932463 3.2248672416830986
 5.5380837886400576 0.19838898424018425 4.7751584524512314 4.3214817137240313 8.6726600733389141 2.8817986525491763
 5.7063155262624727 4.7751584524512314 2.1087854164318265 7.5643094244571341 7.2853579445378749 2.3630918668508949
 1.1433176160271019 4.3214817137240313 7.5643094244571341 9.7205674037508665 4.2967497704543574 5.1491691799010111
 1.9785920091932463 8.6726600733389141 7.2853579445378749 4.2967497704543574 9.0349274580029419 6.2831878543689621
 3.2248672416830986 2.8817986525491763 2.3630918668508949 5.1491691799010111 6.2831878543689621 3.6595054226197576


---Resultados---
-Norma resultado:1.2948
# name: lambda_res
# type: diagonal matrix
# rows: 6
# columns: 6
-8.0903883302809927
-7.4461169354018306
-1.8922380713415534
6.7823862594512256
8.0903883302809945
9.3383550067433809


# name: Y_res
# type: matrix
# rows: 6
# columns: 6
 6.7823862594512256 1.601816512170432e-27 7.6270361367169473e-27 0 0 0
 1.601816512170432e-27 0 0 0 7.0237349847319024 2.1366667516819908
 7.6270361367169473e-27 0 0 8.0903883302809891 0 2.6835878778632129e-08
 0 0 8.0903883302809891 0 0 2.6835879316751601e-08
 0 7.0237349847319024 0 0 0 4.3837028115111316
 0 2.1366667516819908 2.6835878778632129e-08 2.6835879316751601e-08 4.3837028115111316 0


#------------------------------------------#
-Simulacion N.3
Total de iteraciones:1001
Tiempo de ejecucion:0.56092
---Datos Iniciales---
# name: lambda
# type: matrix
# rows: 6
# columns: 1
 -9.1349404952676743
 -2.7252751731044604
 0.025758046734203788
 0.70688367562651777
 2.7177883307505297
 9.2265398238232557


# name: Y
# type: matrix
# rows: 6
# columns: 6
 6.4111218073374197 7.2532587634598737 8.4284624705326667 3.0962349273452485 4.9290310312725047 6.4740395258865178
 7.2532587634598737 3.1133306994421517 5.4539995027162878 7.2153862155203825 3.2403211080541894 8.8488168878287752
 8.4284624705326667 5.4539995027162878 7.7195818403416316 1.0458556204764444 8.2618996045867696 6.2609458487054699
 3.0962349273452485 7.2153862155203825 1.0458556204764444 4.0426450493010426 8.9859305465032691 1.827440299942769
 4.9290310312725047 3.2403211080541894 8.2618996045867696 8.9859305465032691 0.30976646453123591 5.3005118826404392
 6.4740395258865178 8.8488168878287752 6.2609458487054699 1.827440299942769 5.3005118826404392 1.9912186745324034


---Resultados---
-Norma resultado:0.0016207
# name: lambda_res
# type: diagonal matrix
# rows: 6
# columns: 6
-9.1338461056323581
-2.7250562727388221
0.025412100428962716
0.70677963374730701
2.7179965520324121
9.2276353244159921


# name: Y_res
# type: matrix
# rows: 6
# columns: 6
 0.69043518160244732 2.0376481522253549 0.42546967013736714 0 0 0
 2.0376481522253549 0 0.78394894074484944 4.0133049535940328 0 3.9249067608183132
 0.42546967013736714 0.78394894074484944 0.12848605065104518 0 2.9977028287950072 0.10990571124119056
 0 4.0133049535940328 0 0 6.3664414494638937 0
 0 0 2.9977028287950072 6.3664414494638937 0 2.3894363799587608
 0 3.9249067608183132 0.10990571124119056 0 2.3894363799587608 0


#------------------------------------------#
-Simulacion N.4
Total de iteraciones:1001
Tiempo de ejecucion:0.56469
---Datos Iniciales---
# name: lambda
# type: matrix
# rows: 6
# columns: 1
 -9.059209107175354
 -8.5876121583481986
 -6.5433007463122594
 -5.9683043930334616
 -0.083348051149393143
 1.746969540418597


# name: Y
# type: matrix
# rows: 6
# columns: 6
 3.5221034784552021 9.0384849878729021 6.8050247503643799 5.5832216461841506 6.6598810843797605 9.6808041737588759
 9.0384849878729021 4.5906916781918436 7.2446833259983539 2.7707865649698453 5.7471214595146307 1.1237098842230226
 6.8050247503643799 7.2446833259983539 3.3295495195100555 3.9816937255756812 7.2119891662322297 5.1373579901699591
 5.5832216461841506 2.7707865649698453 3.9816937255756812 7.6638585150905225 0.59280983003030752 5.7330425343058975
 6.6598810843797605 5.7471214595146307 7.2119891662322297 0.59280983003030752 9.3929802553243373 1.5713113380815238
 9.6808041737588759 1.1237098842230226 5.1373579901699591 5.7330425343058975 1.5713113380815238 1.0954994021277831


---Resultados---
-Norma resultado:11.633
# name: lambda_res
# type: diagonal matrix
# rows: 6
# columns: 6
-4.3100749545753434
-3.8384780057481858
-1.794166593712248
-1.219170240433453
4.6657861014506183
6.4961036930186129


# name: Y_res
# type: matrix
# rows: 6
# columns: 6
 0 1.0666095244266098 1.4341351141110912 1.3605182976978671 0.34694498067737523 3.18892111248904
 1.0666095244266098 0 2.2267297779444672 0.0021159407336603705 1.9317760036048115 0
 1.4341351141110912 2.2267297779444672 0 0 3.8142934838637554 0.19391968719679084
 1.3605182976978671 0.0021159407336603705 0 0 0 3.5186602545811896
 0.34694498067737523 1.9317760036048115 3.8142934838637554 0 0 2.2583910899069182e-15
 3.18892111248904 0 0.19391968719679084 3.5186602545811896 2.2583910899069182e-15 0


#------------------------------------------#
-Simulacion N.5
Total de iteraciones:84
Tiempo de ejecucion:0.048055
---Datos Iniciales---
# name: lambda
# type: matrix
# rows: 6
# columns: 1
 -5.1644431414839094
 -3.7069895502808325
 2.7899700075273124
 4.8753761138816838
 4.9703791167840539
 7.9738907767533931


# name: Y
# type: matrix
# rows: 6
# columns: 6
 3.7472458985488855 5.576458280261436 2.8101641527027734 8.7361654544927401 6.8951072355994638 5.3333979188615839
 5.576458280261436 9.2261145670057516 4.0217828545334831 6.3331454773976485 2.9994991274428457 7.2928352963619236
 2.8101641527027734 4.0217828545334831 1.5348312676943399 6.0201584426148393 4.0424947180686441 4.6472802412930463
 8.7361654544927401 6.3331454773976485 6.0201584426148393 6.5983469022125689 4.4667829793561831 4.0741660234499539
 6.8951072355994638 2.9994991274428457 4.0424947180686441 4.4667829793561831 4.9873961689119852 2.4400287078365039
 5.3333979188615839 7.2928352963619236 4.6472802412930463 4.0741660234499539 2.4400287078365039 8.7877429496601529


---Resultados---
-Norma resultado:1.0944e-10
# name: lambda_res
# type: diagonal matrix
# rows: 6
# columns: 6
-5.164443141453007
-3.7069895502372279
2.7899700074767897
4.8753761138776772
4.9703791167846951
7.9738907768134011


# name: Y_res
# type: matrix
# rows: 6
# columns: 6
 0 0.71327015620362977 1.1855998256492533 2.9249819999295976 4.6234268773253175 0.09978841161323676
 0.71327015620362977 5.0995975650815364 0 0.92165717203662734 0 0.39961805807961992
 1.1855998256492533 0 0 4.1431237366357569 0 2.4148389725034738
 2.9249819999295976 0.92165717203662734 4.1431237366357569 0.48610462455366565 0 0
 4.6234268773253175 0 0 0 1.8119680079146405 0.28683708721214041
 0.09978841161323676 0.39961805807961992 2.4148389725034738 0 0.28683708721214041 4.3405131257124889


#------------------------------------------#
-Simulacion N.6
Total de iteraciones:120
Tiempo de ejecucion:0.067652
---Datos Iniciales---
# name: lambda
# type: matrix
# rows: 6
# columns: 1
 -5.823161594438151
 -5.7360178238532651
 -5.1512383610696517
 3.4611691800722433
 6.3036456219209605
 9.3637314001387608


# name: Y
# type: matrix
# rows: 6
# columns: 6
 3.8675331542500304 1.9390005843506697 6.3348754599752937 8.4069298912011998 4.2492112746441517 5.8338797709114756
 1.9390005843506697 3.3210892707044479 4.7764005474177438 7.0436230406249987 5.665429573388904 4.8460078727420282
 6.3348754599752937 4.7764005474177438 1.3272107684931289 4.7851005526033852 7.075918304138856 5.3890379941700655
 8.4069298912011998 7.0436230406249987 4.7851005526033852 1.3280987722043169 1.547359003170667 2.7792601934386472
 4.2492112746441517 5.665429573388904 7.075918304138856 1.547359003170667 9.6056609846085177 7.6267215807199165
 5.8338797709114756 4.8460078727420282 5.3890379941700655 2.7792601934386472 7.6267215807199165 6.8604962360443409


---Resultados---
-Norma resultado:1.0938e-10
# name: lambda_res
# type: diagonal matrix
# rows: 6
# columns: 6
-5.8231615944450335
-5.7360178237978179
-5.1512383610208472
3.4611691800596249
6.3036456219172683
9.3637314002024574


# name: Y_res
# type: matrix
# rows: 6
# columns: 6
 0 0 5.1707769674225981 2.9799992753347961 0 0.77144755718405933
 0 1.3359372889017489 0 5.4309974363603102 0.67682479332721757 0.041741605300770354
 5.1707769674225981 0 0 2.4117471032390663 1.0051830329400127 1.829748366078777
 2.9799992753347961 5.4309974363603102 2.4117471032390663 0 0.0030160049855785416 0
 0 0.67682479332721757 1.0051830329400127 0.0030160049855785416 1.0821911340139054 6.2088541613192954
 0.77144755718405933 0.041741605300770354 1.829748366078777 0 6.2088541613192954 0


#------------------------------------------#
-Simulacion N.7
Total de iteraciones:1001
Tiempo de ejecucion:0.57036
---Datos Iniciales---
# name: lambda
# type: matrix
# rows: 6
# columns: 1
 -7.4765290297427107
 -4.0346767892296924
 -0.92740624269223915
 2.7204748296941705
 9.1487883091656848
 9.6147760026870053


# name: Y
# type: matrix
# rows: 6
# columns: 6
 0.090945516462093146 6.1154743890128263 4.7755802821191278 5.4004221189411936 2.9665846905845088 4.9518792289938762
 6.1154743890128263 3.976249276790309 4.0842949998464206 5.5579995542320297 8.5991634330578766 3.7342904331747482
 4.7755802821191278 4.0842949998464206 2.8957186472930871 4.8567325478955867 6.925758743000741 1.3386825990895457
 5.4004221189411936 5.5579995542320297 4.8567325478955867 4.7030659814415197 7.6561000487850848 7.7855100460488238
 2.9665846905845088 8.5991634330578766 6.925758743000741 7.6561000487850848 0.58345294753073484 2.6864036825780699
 4.9518792289938762 3.7342904331747482 1.3386825990895457 7.7855100460488238 2.6864036825780699 1.3223492187790908


---Resultados---
-Norma resultado:3.3607e-08
# name: lambda_res
# type: diagonal matrix
# rows: 6
# columns: 6
-7.4765290240245372
-4.0346767892301774
-0.92740624121910575
2.7204748220286263
9.1487882896697617
9.6147760279953776


# name: Y_res
# type: matrix
# rows: 6
# columns: 6
 0.089288281331282721 1.8662403470958024 0 1.4608166988388624 0 1.9656899074802598
 1.8662403470958024 0.83757001971626022 0 0 6.1750008730900738 0
 0 0 3.4589472366887608 0 5.3388132354701598 0
 1.4608166988388624 0 0 1.3337097787464605 0 6.2785131777052587
 0 6.1750008730900738 5.3388132354701598 0 0 0
 1.9656899074802598 0 0 6.2785131777052587 0 3.3259117687371824


#------------------------------------------#
-Simulacion N.8
Total de iteraciones:210
Tiempo de ejecucion:0.1177
---Datos Iniciales---
# name: lambda
# type: matrix
# rows: 6
# columns: 1
 -4.4213720690168508
 -3.5839640291123009
 -2.3795781829745817
 3.8051778499189339
 3.8959536273531832
 7.0427135273882833


# name: Y
# type: matrix
# rows: 6
# columns: 6
 7.022498902614311 6.9389253145617857 4.1117099062172207 3.3777050482406468 8.9087505508648395 5.4900250124376644
 6.9389253145617857 8.3705235833623739 7.784699207835823 2.4525381963191006 2.1458855130187127 4.4257635976836589
 4.1117099062172207 7.784699207835823 0.5618170104193243 6.4431915426704567 7.2272903183790262 6.9947325256330188
 3.3777050482406468 2.4525381963191006 6.4431915426704567 1.3557178016000548 6.0846644293829124 7.048376170266951
 8.9087505508648395 2.1458855130187127 7.2272903183790262 6.0846644293829124 4.3354692166138706 5.4270274948029922
 5.4900250124376644 4.4257635976836589 6.9947325256330188 7.048376170266951 5.4270274948029922 4.8929671660008109


---Resultados---
-Norma resultado:1.0788e-10
# name: lambda_res
# type: diagonal matrix
# rows: 6
# columns: 6
-4.4213720689989273
-3.5839640290918311
-2.3795781829183258
3.805177849867853
3.8959536273648716
7.0427135274500863


# name: Y_res
# type: matrix
# rows: 6
# columns: 6
 0.83580056929336277 0.91727351476490637 0 0 4.1947461983024894 0
 0.91727351476490637 3.5231301543803655 2.6706295287030946 0 0 0
 0 2.6706295287030946 0 2.1823781867948577 0.99861071768776033 1.9728849593245772
 0 0 2.1823781867948577 0 1.4434461660998565 3.8036062097162695
 4.1947461983024894 0 0.99861071768776033 1.4434461660998565 0 0.57306318670842638
 0 0 1.9728849593245772 3.8036062097162695 0.57306318670842638 0


#------------------------------------------#
-Simulacion N.9
Total de iteraciones:1001
Tiempo de ejecucion:0.55809
---Datos Iniciales---
# name: lambda
# type: matrix
# rows: 6
# columns: 1
 -7.5275737994618641
 -3.6832997349449688
 0.6964769448390804
 2.4634961313410226
 3.2822980823277597
 7.9526203317914081


# name: Y
# type: matrix
# rows: 6
# columns: 6
 1.4762723795069421 1.0735757721344013 7.0497152224566717 2.0944906303976643 1.7310578129538268 1.9686000633088248
 1.0735757721344013 0.321961593786384 9.1716317092235258 4.6342819343756174 4.71737739147982 5.52956413335182
 7.0497152224566717 9.1716317092235258 6.6734133633398907 4.8113949045596325 7.2158027774952576 5.8748598626656232
 2.0944906303976643 4.6342819343756174 4.8113949045596325 5.3666707873375312 2.9136307192142863 5.9308205381605603
 1.7310578129538268 4.71737739147982 7.2158027774952576 2.9136307192142863 5.8860710354612644 4.9926634005686399
 1.9686000633088248 5.52956413335182 5.8748598626656232 5.9308205381605603 4.9926634005686399 8.9521395254151592


---Resultados---
-Norma resultado:0.004828
# name: lambda_res
# type: diagonal matrix
# rows: 6
# columns: 6
-7.524923093788555
-3.6811483920677848
0.6960490088314244
2.4634800421782752
3.2843181986622723
7.955331537886428


# name: Y_res
# type: matrix
# rows: 6
# columns: 6
 0 0 6.5576174023304814 1.0178024753508326 0 0.38186262391853021
 0 0 3.0605134760520829 1.9575141104325391 3.7545518685591741 0
 6.5576174023304814 3.0605134760520829 0 0 0.72960032259927032 0
 1.0178024753508326 1.9575141104325391 0 0.73794082187133558 0 0.038355465278660517
 0 3.7545518685591741 0.72960032259927032 0 0 0.31930287597541418
 0.38186262391853021 0 0 0.038355465278660517 0.31930287597541418 2.4551664798307278


#------------------------------------------#
-Simulacion N.10
Total de iteraciones:1001
Tiempo de ejecucion:0.56513
---Datos Iniciales---
# name: lambda
# type: matrix
# rows: 6
# columns: 1
 -7.1125162753724709
 -2.9246085421355428
 -2.0466596424365724
 3.4590964104309627
 5.3557082923984254
 7.1713514443822959


# name: Y
# type: matrix
# rows: 6
# columns: 6
 0.17126128656684836 4.9582397058339653 6.054436237417864 7.661337159721703 3.6220864285100896 5.3734070622256436
 4.9582397058339653 4.7193479811776324 3.4227980476868352 7.0014005496202216 5.4631119103891361 4.7047582533089045
 6.054436237417864 3.4227980476868352 9.6226884723173605 3.5241169002546258 3.8621186333521855 7.5695221513978801
 7.661337159721703 7.0014005496202216 3.5241169002546258 3.0389509492544633 1.7983866542903437 8.3257910061675471
 3.6220864285100896 5.4631119103891361 3.8621186333521855 1.7983866542903437 2.1799958455558244 5.0007064224734226
 5.3734070622256436 4.7047582533089045 7.5695221513978801 8.3257910061675471 5.0007064224734226 8.4183116915581397


---Resultados---
-Norma resultado:0.010274
# name: lambda_res
# type: diagonal matrix
# rows: 6
# columns: 6
-7.1054269442964149
-2.9243762220936222
-2.0459146467496914
3.4586460752782782
5.3559433128752021
7.1787169697830109


# name: Y_res
# type: matrix
# rows: 6
# columns: 6
 0 0 0 3.0517064117489294 0 1.8172876207606334
 0 0 0 1.8367500388392162 6.7963380230010486 0
 0 0 3.9175885447967627 0 0 2.0173909826090508
 3.0517064117489294 1.8367500388392162 0 0 0 1.9443927087716246
 0 6.7963380230010486 0 0 0 0
 1.8172876207606334 0 2.0173909826090508 1.9443927087716246 0 0


#------------------------------------------#
-Simulacion N.11
Total de iteraciones:1001
Tiempo de ejecucion:0.55823
---Datos Iniciales---
# name: lambda
# type: matrix
# rows: 6
# columns: 1
 -4.9191061568275813
 -3.0314082074265514
 -1.4395496578086515
 0.79149903834139579
 2.3301191568053845
 5.0874892901297368


# name: Y
# type: matrix
# rows: 6
# columns: 6
 3.611904911122731 6.6213861039602806 3.758941531978246 5.6604631689207121 2.1628890393009881 4.5312592702870056
 6.6213861039602806 4.4455853698143368 4.4248308951321746 7.7124386433988583 3.4880640029783931 5.1985610929695198
 3.758941531978246 4.4248308951321746 7.592044624168091 3.6904932276212312 1.6370599073584091 4.3624307503344184
 5.6604631689207121 7.7124386433988583 3.6904932276212312 1.0780464763076048 6.2814601650692872 2.6884580315255704
 2.1628890393009881 3.4880640029783931 1.6370599073584091 6.2814601650692872 8.9437965876144272 4.6436690946278976
 4.5312592702870056 5.1985610929695198 4.3624307503344184 2.6884580315255704 4.6436690946278976 9.3997207515966554


---Resultados---
-Norma resultado:0.48212
# name: lambda_res
# type: diagonal matrix
# rows: 6
# columns: 6
-4.7222800673631999
-2.8345821179621753
-1.2427235683442743
0.98832512780577331
2.5269452462697624
5.2843153795941138


# name: Y_res
# type: matrix
# rows: 6
# columns: 6
 0 2.8422982719273899 1.6089532611219084 0.40748834143326795 2.0530196555702147e-15 0.84232858675071798
 2.8422982719273899 0 0.22621338232864324 2.5376067220418115 2.4755090781790901e-14 0.11691234561602015
 1.6089532611219084 0.22621338232864324 0 4.3859173041747809e-16 2.5934107816058691e-15 1.1022799966309105
 0.40748834143326795 2.5376067220418115 4.3859173041747809e-16 0 3.6254201240139325 5.6698767898810358e-14
 2.0530196555702147e-15 2.4755090781790901e-14 2.5934107816058691e-15 3.6254201240139325 0 1.0847819520020743
 0.84232858675071798 0.11691234561602015 1.1022799966309105 5.6698767898810358e-14 1.0847819520020743 0


#------------------------------------------#
-Simulacion N.12
Total de iteraciones:1001
Tiempo de ejecucion:0.56206
---Datos Iniciales---
# name: lambda
# type: matrix
# rows: 6
# columns: 1
 -7.8592153131287512
 -7.2599959530871638
 2.9475569910196562
 3.7721040185780197
 6.1758608206486123
 7.6583802405538606


# name: Y
# type: matrix
# rows: 6
# columns: 6
 8.0823831593605977 4.0160322850707786 5.4629145790066591 5.9790825689295168 1.2050099499911682 6.3334025296488941
 4.0160322850707786 3.058805422488251 2.5852958996977176 6.5898732506563062 5.6588901258926798 5.6463419569067295
 5.4629145790066591 2.5852958996977176 3.4303697564485782 5.6912810434718484 5.4394629117221012 3.0927780903126152
 5.9790825689295168 6.5898732506563062 5.6912810434718484 8.5669403161687772 7.2784053865884433 6.1259556858750086
 1.2050099499911682 5.6588901258926798 5.4394629117221012 7.2784053865884433 5.7247147803620804 2.3118828265615523
 6.3334025296488941 5.6463419569067295 3.0927780903126152 6.1259556858750086 2.3118828265615523 7.9911531890566376


---Resultados---
-Norma resultado:0.64249
# name: lambda_res
# type: diagonal matrix
# rows: 6
# columns: 6
-7.53797276187478
-6.9387534018325487
2.9475569910189838
3.772104018578021
6.4971033719025835
7.9796227918084828


# name: Y_res
# type: matrix
# rows: 6
# columns: 6
 2.9475569910227208 0 6.9621366345055494e-06 7.0017622122119321e-06 0 0
 0 0 0.22416961265114549 7.2290582613341874 1.0406568431574548 3.0439258633537862e-11
 6.9621366345055494e-06 0.22416961265114549 0 0 7.2101795845097456 2.7602285766967907e-11
 7.0017622122119321e-06 7.2290582613341874 0 0 0.2187246220086756 0
 0 1.0406568431574548 7.2101795845097456 0.2187246220086756 0 0
 0 3.0439258633537862e-11 2.7602285766967907e-11 0 0 3.7721040185780215


#------------------------------------------#
-Simulacion N.13
Total de iteraciones:55
Tiempo de ejecucion:0.031461
---Datos Iniciales---
# name: lambda
# type: matrix
# rows: 6
# columns: 1
 -2.5706797066445741
 -2.4422116341160933
 -0.37441598431146872
 0.8607849801568257
 3.7918709490849167
 6.9048349239258897


# name: Y
# type: matrix
# rows: 6
# columns: 6
 7.4082419230298715 2.6934584768554615 6.980024092215718 4.0825913060362824 5.2063360222930228 5.6509132969337879
 2.6934584768554615 8.456252922277482 7.1702588860484404 4.7037667523224993 6.4750709430728364 4.9571944163578108
 6.980024092215718 7.1702588860484404 5.2334525070205764 2.7856922383968796 3.8793989935471602 5.0034447470682561
 4.0825913060362824 4.7037667523224993 2.7856922383968796 0.66242695294401632 7.550077945562732 5.152984139315377
 5.2063360222930228 6.4750709430728364 3.8793989935471602 7.550077945562732 2.6585921447659313 1.6504653607645703
 5.6509132969337879 4.9571944163578108 5.0034447470682561 5.152984139315377 1.6504653607645703 0.76507351174997407


---Resultados---
-Norma resultado:8.7573e-11
# name: lambda_res
# type: diagonal matrix
# rows: 6
# columns: 6
-2.5706797066285132
-2.4422116340853917
-0.37441598433432149
0.86078498014454941
3.7918709490451055
6.9048349239648807


# name: Y_res
# type: matrix
# rows: 6
# columns: 6
 2.9071483216001606 0 2.6984998041093373 0.63575433956406813 0.64704797797107538 1.7496877132386222
 0 2.8065470649409447 1.8944147852353348 1.4341187315370045 2.1280803771869099 0.67848035921658312
 2.6984998041093373 1.8944147852353348 0.032289605833532291 0 0.15745777675814199 1.0695167430884109
 0.63575433956406813 1.4341187315370045 0 0 2.2074733234774269 1.296569041848803
 0.64704797797107538 2.1280803771869099 0.15745777675814199 2.2074733234774269 0.35854600021994093 0
 1.7496877132386222 0.67848035921658312 1.0695167430884109 1.296569041848803 0 0.065652535511730739


#------------------------------------------#
-Simulacion N.14
Total de iteraciones:1001
Tiempo de ejecucion:0.57076
---Datos Iniciales---
# name: lambda
# type: matrix
# rows: 6
# columns: 1
 -6.3676721560482052
 -4.3352538901866993
 -3.1091217019237831
 -0.66968094837066516
 4.1716529765702166
 5.5066351196220751


# name: Y
# type: matrix
# rows: 6
# columns: 6
 6.9823518800687667 0.71160350327901689 7.6852201556866211 4.0074013586448283 7.9618894674699243 6.5609303344820855
 0.71160350327901689 1.1132215555066227 4.4578741802838522 7.6112758202999542 0.69272881323642288 3.8661400819528602
 7.6852201556866211 4.4578741802838522 4.7061720767824555 1.8668260723681112 6.3653203414555115 5.0713106906892484
 4.0074013586448283 7.6112758202999542 1.8668260723681112 3.8085548018522788 8.0783435842185867 5.7868134378420013
 7.9618894674699243 0.69272881323642288 6.3653203414555115 8.0783435842185867 1.9682475793259213 7.1415395764183947
 6.5609303344820855 3.8661400819528602 5.0713106906892484 5.7868134378420013 7.1415395764183947 6.4603636519422123


---Resultados---
-Norma resultado:1.961
# name: lambda_res
# type: diagonal matrix
# rows: 6
# columns: 6
-5.5670987226586943
-3.5346804567971901
-2.3085482685342713
0.13089248501884515
4.9722264099597275
6.3072085530115842


# name: Y_res
# type: matrix
# rows: 6
# columns: 6
 0 5.6142199971925276e-15 3.3529629295749062 2.8249334740052045e-14 2.5900360770416544 1.007267038617907
 5.6142199971925276e-15 0 2.4296594840441031e-13 5.3883366892030162 1.3987999094692977e-13 0.2190807773592674
 3.3529629295749062 2.4296594840441031e-13 0 5.6137058243596676e-15 1.6788762288821848 0.18527826260650826
 2.8249334740052045e-14 5.3883366892030162 5.6137058243596676e-15 0 0.96301297947293785 1.3277619531712728
 2.5900360770416544 1.3987999094692977e-13 1.6788762288821848 0.96301297947293785 0 1.754365004630436
 1.007267038617907 0.2190807773592674 0.18527826260650826 1.3277619531712728 1.754365004630436 0


#------------------------------------------#
-Simulacion N.15
Total de iteraciones:1001
Tiempo de ejecucion:0.56661
---Datos Iniciales---
# name: lambda
# type: matrix
# rows: 6
# columns: 1
 -9.4753086975927943
 -3.1165687909142985
 -1.1556511433146337
 3.2826999002543324
 5.6374404904693183
 7.8316489466670731


# name: Y
# type: matrix
# rows: 6
# columns: 6
 4.385733010082026 5.2781019969286973 0.89351804904565069 6.7106017451637232 4.2160305785074232 4.5759934626402758
 5.2781019969286973 2.8792606262800993 3.9179197572258615 3.7754204135711271 6.0588671290190952 6.1634435360859516
 0.89351804904565069 3.9179197572258615 4.3847500939621042 3.4515221602727193 2.249329638183259 6.5587875420820003
 6.7106017451637232 3.7754204135711271 3.4515221602727193 1.4332807585622931 3.8890934786893618 0.26100376257693125
 4.2160305785074232 6.0588671290190952 2.249329638183259 3.8890934786893618 6.8514859215513013 9.0415371250163581
 4.5759934626402758 6.1634435360859516 6.5587875420820003 0.26100376257693125 9.0415371250163581 4.0676789048234641


---Resultados---
-Norma resultado:1.1622
# name: lambda_res
# type: diagonal matrix
# rows: 6
# columns: 6
-8.653476357223882
-3.116570016759431
-1.1556467356064068
3.2826976634038965
5.6374377956222697
8.653483369958197


# name: Y_res
# type: matrix
# rows: 6
# columns: 6
 0 0.040396201803407306 0 8.6533745017536727 0 0
 0.040396201803407306 0 0 0 2.5719727996300907 0.0065599122689381506
 0 0 2.3636123976655012 0 0.17194257408968372 3.202174238528364
 8.6533745017536727 0 0 0 0 0
 0 2.5719727996300907 0.17194257408968372 0 2.1992376195093506 2.1654133751482258
 0 0.0065599122689381506 3.202174238528364 0 2.1654133751482258 0.08507570221979259


#------------------------------------------#
-Simulacion N.16
Total de iteraciones:124
Tiempo de ejecucion:0.069997
---Datos Iniciales---
# name: lambda
# type: matrix
# rows: 6
# columns: 1
 -7.4535377564064635
 -1.866240559271656
 -0.033146125321145803
 0.082803934999574835
 9.0835211584420641
 9.6242251441876157


# name: Y
# type: matrix
# rows: 6
# columns: 6
 9.8589419632417474 7.0261149756939165 4.2593655553253349 4.3476673651117999 3.5861558934148507 8.589891957909833
 7.0261149756939165 5.0429919433767934 3.5105958310765333 6.2587379883002976 4.8770363231425051 1.9611968341438866
 4.2593655553253349 3.5105958310765333 7.4249420569646674 7.307499926690177 4.2446535827631218 6.6281927725869378
 4.3476673651117999 6.2587379883002976 7.307499926690177 7.078364309947391 2.6449708766397801 9.1181579523619725
 3.5861558934148507 4.8770363231425051 4.2446535827631218 2.6449708766397801 7.4997506133760687 7.2408548312381296
 8.589891957909833 1.9611968341438866 6.6281927725869378 9.1181579523619725 7.2408548312381296 2.5309157946747742


---Resultados---
-Norma resultado:9.8382e-11
# name: lambda_res
# type: diagonal matrix
# rows: 6
# columns: 6
-7.4535377563909346
-1.8662405592694291
-0.033146125317164744
0.082803935025095157
9.0835211583877182
9.624225144251163


# name: Y_res
# type: matrix
# rows: 6
# columns: 6
 5.7124969510754147 5.0251526447149892 0 0 0.69414353040688315 0.092643915392476905
 5.0251526447149892 1.7809694630375175 0 0 1.2515285548136439 0
 0 0 1.9441593825735217 5.3668551709377779 1.4766132218971166 1.081261837898543
 0 0 5.3668551709377779 0 0 5.9024784332856175
 0.69414353040688315 1.2515285548136439 1.4766132218971166 0 0 1.7315122518051576
 0.092643915392476905 0 1.081261837898543 5.9024784332856175 1.7315122518051576 0


#------------------------------------------#
-Simulacion N.17
Total de iteraciones:116
Tiempo de ejecucion:0.066992
---Datos Iniciales---
# name: lambda
# type: matrix
# rows: 6
# columns: 1
 -5.9380515485949914
 -3.9400227418385843
 3.1269984421975714
 3.3319216290553904
 4.0820250552867225
 9.4940840119787282


# name: Y
# type: matrix
# rows: 6
# columns: 6
 6.115331311318668 3.1217085974833241 5.0178419574608046 5.5270924349357244 1.6516575010353585 5.6654165172717432
 3.1217085974833241 0.3557026197303903 3.8202526483238692 6.649002996613226 2.6197381139503357 5.5228988051835461
 5.0178419574608046 3.8202526483238692 3.8466966015103887 7.679529036674845 4.8635366398431419 6.5054320062016
 5.5270924349357244 6.649002996613226 7.679529036674845 5.6311175548491814 5.8061939532152733 5.8777067987980409
 1.6516575010353585 2.6197381139503357 4.8635366398431419 5.8061939532152733 9.4602368141783639 6.1681285321338617
 5.6654165172717432 5.5228988051835461 6.5054320062016 5.8777067987980409 6.1681285321338617 6.5320078428725896


---Resultados---
-Norma resultado:1.0181e-10
# name: lambda_res
# type: diagonal matrix
# rows: 6
# columns: 6
-5.9380515485375289
-3.9400227417928666
3.1269984422019959
3.3319216290596851
4.0820250552807744
9.4940840120332251


# name: Y_res
# type: matrix
# rows: 6
# columns: 6
 3.4860048842281035 0 2.0774504863133441 0.40654803696544783 0 1.1487148820553759
 0 0 2.2231372304608805 4.131913614403727 0 3.6863426282950984
 2.0774504863133441 2.2231372304608805 0 5.0909407973179048 1.180144945830174 0.24308792711897165
 0.40654803696544783 4.131913614403727 5.0909407973179048 0 0.91253240971676919 0
 0 0 1.180144945830174 0.91253240971676919 4.2220758205127629 1.2797313315307388
 1.1487148820553759 3.6863426282950984 0.24308792711897165 0 1.2797313315307388 2.4488741435044168


#------------------------------------------#
-Simulacion N.18
Total de iteraciones:1001
Tiempo de ejecucion:0.57088
---Datos Iniciales---
# name: lambda
# type: matrix
# rows: 6
# columns: 1
 -9.3200999673840261
 -5.2722865912989398
 -3.209505815521176
 -2.1049426862762477
 1.1426895500054517
 9.6382103514191186


# name: Y
# type: matrix
# rows: 6
# columns: 6
 3.4660279262389526 5.4364547869019377 5.104879972492494 5.1246217004959824 5.5730139421867424 6.7216006173966143
 5.4364547869019377 5.3104304497907817 5.3995491722616293 4.7926442069184132 2.3661556133365043 4.2706421059262389
 5.104879972492494 5.3995491722616293 3.4751210709108005 5.1844968583019595 5.3419753274578197 8.4171326941699292
 5.1246217004959824 4.7926442069184132 5.1844968583019595 9.3167433048052466 1.6960935199235538 4.3673874728788267
 5.5730139421867424 2.3661556133365043 5.3419753274578197 1.6960935199235538 3.7594141683161109 7.8871183260270996
 6.7216006173966143 4.2706421059262389 8.4171326941699292 4.3673874728788267 7.8871183260270996 1.4324097757004994


---Resultados---
-Norma resultado:3.7256
# name: lambda_res
# type: diagonal matrix
# rows: 6
# columns: 6
-7.7991107742080565
-3.7512973981229698
-1.6885166223452079
-0.58395349310027855
2.6636787431814266
11.15919954459509


# name: Y_res
# type: matrix
# rows: 6
# columns: 6
 0 2.7516668360165148 0.90426271756686072 2.1436659674692224 1.839602041737753 3.2774239816589552
 2.7516668360165148 0 2.4550506437925002 1.7613122968481483 2.0221221870857997e-15 0.46080315383864412
 0.90426271756686072 2.4550506437925002 0 1.8196810605666189 1.2894729391209383 5.8048443401178371
 2.1436659674692224 1.7613122968481483 1.8196810605666189 0 6.8428234959573233e-15 0.82906674406366343
 1.839602041737753 2.0221221870857997e-15 1.2894729391209383 6.8428234959573233e-15 0 5.3895262173616238
 3.2774239816589552 0.46080315383864412 5.8048443401178371 0.82906674406366343 5.3895262173616238 0


#------------------------------------------#
-Simulacion N.19
Total de iteraciones:607
Tiempo de ejecucion:0.35954
---Datos Iniciales---
# name: lambda
# type: matrix
# rows: 6
# columns: 1
 -5.5712716196512329
 -5.4830094669022333
 -5.1195962518598659
 3.0132010155501483
 5.0037141687890951
 9.9161763415569339


# name: Y
# type: matrix
# rows: 6
# columns: 6
 3.4056726560940263 5.0620828773207531 6.6848258257706732 4.1195927817983788 0.65845006472662559 6.6916752936099471
 5.0620828773207531 2.5108006556494722 6.3947387911133475 4.8129293327301141 1.419153180660258 9.1328159246348442
 6.6848258257706732 6.3947387911133475 0.89287972581790442 3.3605434851817924 7.8147424236154936 8.0721512519207721
 4.1195927817983788 4.8129293327301141 3.3605434851817924 6.3215620634604317 7.0621005623236037 6.4164873153828985
 0.65845006472662559 1.419153180660258 7.8147424236154936 7.0621005623236037 9.6024623137889193 6.4803699135474142
 6.6916752936099471 9.1328159246348442 8.0721512519207721 6.4164873153828985 6.4803699135474142 1.0879286324858084


---Resultados---
-Norma resultado:1.1439e-10
# name: lambda_res
# type: diagonal matrix
# rows: 6
# columns: 6
-5.571271619607379
-5.4830094668498406
-5.119596251812661
3.0132010155440829
5.0037141688413858
9.9161763416103721


# name: Y_res
# type: matrix
# rows: 6
# columns: 6
 0 5.567390227859911 1.073377824968309 0 0 3.9209899527254102
 5.567390227859911 0 1.0965085359900393 0 0 3.9466513361474718
 1.073377824968309 1.0965085359900393 0 0 5.2115102227054537 0.056607580125477959
 0 0 0 1.7592141877259608 0.92249535396499738 4.0012017715541743
 0 0 5.2115102227054537 0.92249535396499738 0 0.091158774740049756
 3.9209899527254102 3.9466513361474718 0.056607580125477959 4.0012017715541743 0.091158774740049756 0


#------------------------------------------#
-Simulacion N.20
Total de iteraciones:1001
Tiempo de ejecucion:0.56434
---Datos Iniciales---
# name: lambda
# type: matrix
# rows: 6
# columns: 1
 -6.8440175321314189
 0.57628643348138198
 1.7835340086792719
 2.338702284301462
 3.8987504724413018
 6.9018959565575635


# name: Y
# type: matrix
# rows: 6
# columns: 6
 3.5219043619066523 5.4608229954087948 5.2282168971757139 5.6559944330971188 7.8325803903746696 9.1640954510919386
 5.4608229954087948 4.2276326242434781 5.4807719558574757 1.8734929935651246 3.8918957915827876 5.5304563225887327
 5.2282168971757139 5.4807719558574757 4.583061019840815 5.5873745984436916 6.4849620226921711 5.234361977116059
 5.6559944330971188 1.8734929935651246 5.5873745984436916 5.0802387517398087 6.9865351034126828 4.8318765472027332
 7.8325803903746696 3.8918957915827876 6.4849620226921711 6.9865351034126828 1.3824974408512047 1.9096257604924198
 9.1640954510919386 5.5304563225887327 5.234361977116059 4.8318765472027332 1.9096257604924198 8.1550486543479082


---Resultados---
-Norma resultado:0.0063874
# name: lambda_res
# type: diagonal matrix
# rows: 6
# columns: 6
-6.8395107594593956
0.57604290448232287
1.7835053068438065
2.33866216095194
3.8987399738278286
6.9064063077653106


# name: Y_res
# type: matrix
# rows: 6
# columns: 6
 0 0 0 0 6.6328769812695239 1.607217866187864
 0 3.8462232867629056 0 0 0 0.42954678877960406
 0 0 1.7812054895708027 0 0.50741050066807836 0
 0 0 0 2.3456599229281343 0.58044349865629952 0
 6.6328769812695239 0 0.50741050066807836 0.58044349865629952 0 0
 1.607217866187864 0.42954678877960406 0 0 0 0.69075719514997302


#------------------------------------------#
-Simulacion N.21
Total de iteraciones:126
Tiempo de ejecucion:0.071659
---Datos Iniciales---
# name: lambda
# type: matrix
# rows: 6
# columns: 1
 -8.5683090135510724
 -2.6760899201541317
 4.8765083220688137
 9.0630976491707642
 9.0946474607983134
 9.3667975601567868


# name: Y
# type: matrix
# rows: 6
# columns: 6
 3.8937602582574038 4.7785942679289022 4.2912358091312139 4.6507696543735797 2.1102758088547242 3.8392844539636362
 4.7785942679289022 1.4907222178216628 3.264477532927561 1.9514454739090477 5.7725277655854477 6.0438888233923134
 4.2912358091312139 3.264477532927561 0.19547371632313792 6.3667057501680295 3.7518346504620257 4.3125667235231102
 4.6507696543735797 1.9514454739090477 6.3667057501680295 1.3662980352346266 5.4572391840420611 5.4683024968083735
 2.1102758088547242 5.7725277655854477 3.7518346504620257 5.4572391840420611 8.6932135914204789 0.32760709101416097
 3.8392844539636362 6.0438888233923134 4.3125667235231102 5.4683024968083735 0.32760709101416097 5.1559788417807182


---Resultados---
-Norma resultado:1.122e-10
# name: lambda_res
# type: diagonal matrix
# rows: 6
# columns: 6
-8.5683090134808886
-2.6760899201539208
4.8765083220806638
9.0630976491411754
9.0946474608237757
9.3667975602187639


# name: Y_res
# type: matrix
# rows: 6
# columns: 6
 5.6075329976917487 0 0.89274307455094437 1.443547534190821 0 0
 0 0.18631732674949142 0 0 0.10044312441914312 5.0552004434102908
 0.89274307455094437 0 0 8.5560381815555218 0 0
 1.443547534190821 0 8.5560381815555218 0 0.12276538535591011 0.15497749515112286
 0 0.10044312441914312 0 0.12276538535591011 9.1093892180225282 0
 0 5.0552004434102908 0 0.15497749515112286 0 6.2534125161658025


#------------------------------------------#
-Simulacion N.22
Total de iteraciones:1001
Tiempo de ejecucion:0.56614
---Datos Iniciales---
# name: lambda
# type: matrix
# rows: 6
# columns: 1
 -6.9837850170321136
 -5.1827727818133074
 -3.3229595351024361
 -2.0106107857100408
 -1.400885438347121
 6.1416133872542957


# name: Y
# type: matrix
# rows: 6
# columns: 6
 1.9727703867325463 5.8658433659050475 5.4687337011412662 5.8010852401128945 3.0143029454840757 7.4912829601426054
 5.8658433659050475 6.175916789594539 2.6851545099354435 1.3797237015622887 3.0864869712221856 5.6166619934508724
 5.4687337011412662 2.6851545099354435 1.9164608059552601 6.5689559020402664 6.9328988565715299 6.3447879237166358
 5.8010852401128945 1.3797237015622887 6.5689559020402664 3.2492361320571805 1.9891145853303311 1.7340672810302986
 3.0143029454840757 3.0864869712221856 6.9328988565715299 1.9891145853303311 4.6507876073495913 6.5184928491462291
 7.4912829601426054 5.6166619934508724 6.3447879237166358 1.7340672810302986 6.5184928491462291 2.0317448492262513


---Resultados---
-Norma resultado:5.209
# name: lambda_res
# type: diagonal matrix
# rows: 6
# columns: 6
-4.857218321906994
-3.0562060866881833
-1.1963928399773145
0.11595590941507818
0.72568125677800166
8.2681800823794109


# name: Y_res
# type: matrix
# rows: 6
# columns: 6
 0 1.7919309969239268 1.3992100038966879 2.2867345653507942 0.59001796206469193 3.4562169687499491
 1.7919309969239268 0 0.74855825588754654 0.45985889597412566 1.1944242137737917 1.5593394487874557
 1.3992100038966879 0.74855825588754654 0 2.7008014921171468 2.4348290613845376 2.4340629713806674
 2.2867345653507942 0.45985889597412566 2.7008014921171468 0 0.68013665888745178 1.2200728365939408e-13
 0.59001796206469193 1.1944242137737917 2.4348290613845376 0.68013665888745178 0 2.1684339541424871
 3.4562169687499491 1.5593394487874557 2.4340629713806674 1.2200728365939408e-13 2.1684339541424871 0


#------------------------------------------#
-Simulacion N.23
Total de iteraciones:233
Tiempo de ejecucion:0.13363
---Datos Iniciales---
# name: lambda
# type: matrix
# rows: 6
# columns: 1
 -7.5761885182116213
 -0.004074916136044493
 1.2644231884999826
