#Resultados de la simulacion de P2.
#------------------------------------------#
-Precision:eps(10^-10)
-Dimension:9
-Maximo de Iteraciones:1000
-Maximo de Simulaciones:100
#------------------------------------------#
-Simulacion N.1
Total de iteraciones:239
Tiempo de ejecucion:0.31544
---Datos Iniciales---
# name: lambda
# type: matrix
# rows: 9
# columns: 1
 -6.7697476249914246
 -4.0144714823579086
 -2.647029521660893
 -1.0506110835708089
 -0.6745120393868369
 0.067144486383401869
 6.3049717039651618
 7.0899423358500187
 8.8003527398209442


# name: Y
# type: matrix
# rows: 9
# columns: 9
 2.4707274705761382 6.2200281669097173 4.1881381413545036 1.5556520090385955 5.4176565870219111 2.7966619232695504 7.8165680595405176 1.4975600397214368 4.0137063199659693
 6.2200281669097173 3.2976529365398211 7.5005599900970843 2.0929218398808662 2.6416994792450681 7.3958733144033086 3.8508643665171651 5.4553530675143751 4.941589437570137
 4.1881381413545036 7.5005599900970843 8.3205594728496717 6.4636992260237491 3.3572487962673474 4.9614477950624387 3.708003232499697 1.1057802079072938 1.4898630248993801
 1.5556520090385955 2.0929218398808662 6.4636992260237491 6.8740879833166897 3.4190945233878569 8.0663753505824154 2.3985670110376507 2.4080991605506128 6.9290494602487103
 5.4176565870219111 2.6416994792450681 3.3572487962673474 3.4190945233878569 6.1883006598700421 7.381523145392749 4.8116816727786134 4.9411105927628851 2.0986893429061575
 2.7966619232695504 7.3958733144033086 4.9614477950624387 8.0663753505824154 7.381523145392749 0.30505718406354743 2.8602861312539511 5.4272609577998701 4.4716430607029345
 7.8165680595405176 3.8508643665171651 3.708003232499697 2.3985670110376507 4.8116816727786134 2.8602861312539511 2.1045744147558585 2.2280253062419235 7.2064425321453287
 1.4975600397214368 5.4553530675143751 1.1057802079072938 2.4080991605506128 4.9411105927628851 5.4272609577998701 2.2280253062419235 5.1058974125620251 8.2352396749563272
 4.0137063199659693 4.941589437570137 1.4898630248993801 6.9290494602487103 2.0986893429061575 4.4716430607029345 7.2064425321453287 8.2352396749563272 8.0299903659133669


---Resultados---
-Norma resultado:1.164e-10
# name: lambda_res
# type: diagonal matrix
# rows: 9
# columns: 9
-6.7697476249428998
-4.0144714823720422
-2.6470295216569637
-1.0506110835729667
-0.6745120393692926
0.06714448643843568
6.3049717039244628
7.0899423358421521
8.8003527398891741


# name: Y_res
# type: matrix
# rows: 9
# columns: 9
 0 3.6625679487979212 0 0 3.6624360839338905 0 4.4036616372196065 0 0
 3.6625679487979212 0 1.5652312703551727 0 0.13122692820840154 2.4830142340690298 0.71012443273661352 0 0
 0 1.5652312703551727 1.0697193665104476 3.3160208411588421 0.44711437727852632 1.5708512224722671 0 0 0
 0 0 3.3160208411588421 1.2771281645102561 0 3.9373438462017076 0 0.17736143488412287 0.57789807096888091
 3.6624360839338905 0.13122692820840154 0.44711437727852632 0 0 1.1366827044227477 1.1975368430181796 0.081239183202599818 0
 0 2.4830142340690298 1.5708512224722671 3.9373438462017076 1.1366827044227477 0 1.219143086271766e-05 0 0
 4.4036616372196065 0.71012443273661352 0 0 1.1975368430181796 1.219143086271766e-05 0 0 1.2408235196939801
 0 0 0 0.17736143488412287 0.081239183202599818 0 0 1.680507732061012 4.7213447846259768
 0 0 0 0.57789807096888091 0 0 1.2408235196939801 4.7213447846259768 3.0786842510983434


#------------------------------------------#
-Simulacion N.2
Total de iteraciones:1001
Tiempo de ejecucion:1.2629
---Datos Iniciales---
# name: lambda
# type: matrix
# rows: 9
# columns: 1
 -7.767285570912275
 -3.5720075672812097
 -1.3362362602919653
 0.7012064773889275
 1.5045241011055381
 2.4244942861002361
 3.4694290149955886
 5.1097962566607169
 5.8976851754505937


# name: Y
# type: matrix
# rows: 9
# columns: 9
 6.5808210746643656 6.6041241830114128 5.1853964667409826 4.1907253431660774 6.6827981510463914 4.8704214795972298 5.2343553834168839 6.0421855363992201 4.0630553124642033
 6.6041241830114128 4.844653324301607 7.015829821932094 3.8552338968144553 5.3641196707190906 4.5975158983241542 3.6925112025049134 7.186124555936491 1.8693190641057644
 5.1853964667409826 7.015829821932094 1.9861251995427764 5.1024148466967265 3.1024569667877988 6.1220802530264349 4.4334471603001493 3.9829273192864392 7.7751473274415215
 4.1907253431660774 3.8552338968144553 5.1024148466967265 9.2739835255412402 6.5659556491215536 2.6287547325347891 3.5628206576295698 3.9105572698962616 4.2892461740044379
 6.6827981510463914 5.3641196707190906 3.1024569667877988 6.5659556491215536 3.1479476769066492 5.4025990565242434 1.5593836740264444 5.1765712220925026 6.303476909294452
 4.8704214795972298 4.5975158983241542 6.1220802530264349 2.6287547325347891 5.4025990565242434 0.31689978950187325 3.7740987499531542 3.6611577128251316 4.6863391098913558
 5.2343553834168839 3.6925112025049134 4.4334471603001493 3.5628206576295698 1.5593836740264444 3.7740987499531542 1.3035326052384799 7.4149777490646063 3.3132541080314368
 6.0421855363992201 7.186124555936491 3.9829273192864392 3.9105572698962616 5.1765712220925026 3.6611577128251316 7.4149777490646063 4.9740508149455227 3.8270841774217375
 4.0630553124642033 1.8693190641057644 7.7751473274415215 4.2892461740044379 6.303476909294452 4.6863391098913558 3.3132541080314368 3.8270841774217375 8.0175031374371297


---Resultados---
-Norma resultado:1.3224
# name: lambda_res
# type: diagonal matrix
# rows: 9
# columns: 9
-6.8323011911575033
-3.5720075672811054
-1.33845624368701
0.70172986364033663
1.5013297375058829
2.4244942860069112
3.4694290149936697
5.1097962566607356
6.8328127987739231


# name: Y_res
# type: matrix
# rows: 9
# columns: 9
 2.4496637068442348 0 0 0.15520982950948997 0.00010218753845549092 0 0.13355146696383741 0 0
 0 0 4.1218494186016574 0 0.22625324578991896 0 0 0 0
 0 4.1218494186016574 0 0 0 5.0514548974095526 0 0 0
 0.15520982950948997 0 0 3.445894164415729 0 0 3.1836868790290165e-11 2.0545925060667751e-09 4.0405686181723446e-07
 0.00010218753845549092 0.22625324578991896 0 0 0 2.3935906739635748 0 0 0.53968286577104241
 0 0 5.0514548974095526 0 2.3935906739635748 0 0 0 0
 0.13355146696383741 0 0 3.1836868790290165e-11 0 0 0.53968317449882464 4.3325086698742838 0
 0 0 0 2.0545925060667751e-09 0 0 4.3325086698742838 0.99647093877082049 2.5129489008252956e-09
 0 0 0 4.0405686181723446e-07 0.53968286577104241 0 0 2.5129489008252956e-09 0.86511497092623035


#------------------------------------------#
-Simulacion N.3
Total de iteraciones:1001
Tiempo de ejecucion:1.2599
---Datos Iniciales---
# name: lambda
# type: matrix
# rows: 9
# columns: 1
 -9.3863430280384907
 -8.8661925260364534
 -6.4326414928664839
 0.67304948766579997
 1.7864110414435004
 4.4777566366406134
 7.5391377090126213
 8.2462807494599453
 9.4036806198522633


# name: Y
# type: matrix
# rows: 9
# columns: 9
 4.6175326943383164 7.2969466412663255 7.1087259328223631 4.118508592920656 4.9691897550633577 4.6659854101023974 3.8735056173814768 7.3238573377269489 5.1001218870236666
 7.2969466412663255 1.8552735582402868 1.8795901086343203 5.6595362417916348 3.7410832331141055 6.5404028093982101 0.90536634654731607 7.2805472410052854 5.2120750445156334
 7.1087259328223631 1.8795901086343203 8.2325756995790904 6.0918719921156361 1.3076733679335213 7.9984493809754547 2.8469555044078918 5.0498713570802725 7.648697157854234
 4.118508592920656 5.6595362417916348 6.0918719921156361 5.3495246715191023 4.9059451408347545 5.1161411694690049 7.4562544798032526 1.3702685090273063 3.2493472107621981
 4.9691897550633577 3.7410832331141055 1.3076733679335213 4.9059451408347545 1.7082608832936585 7.2115771176162617 5.2625532114006122 5.941880624851601 4.8265520273380238
 4.6659854101023974 6.5404028093982101 7.9984493809754547 5.1161411694690049 7.2115771176162617 8.4442504734554973 4.7922002116247091 6.0699980249313015 3.1213755058356858
 3.8735056173814768 0.90536634654731607 2.8469555044078918 7.4562544798032526 5.2625532114006122 4.7922002116247091 7.3901373962636399 6.6279629096013579 5.464684295881959
 7.3238573377269489 7.2805472410052854 5.0498713570802725 1.3702685090273063 5.941880624851601 6.0699980249313015 6.6279629096013579 9.9609711508012779 1.5226902954373345
 5.1001218870236666 5.2120750445156334 7.648697157854234 3.2493472107621981 4.8265520273380238 3.1213755058356858 5.464684295881959 1.5226902954373345 3.704546906571947


---Resultados---
-Norma resultado:0.26283
# name: lambda_res
# type: diagonal matrix
# rows: 9
# columns: 9
-9.2505203127830971
-8.7427723558226642
-6.4412314494284448
0.66789336565909574
1.7863662518856516
4.4791025985730561
7.530667561281275
8.3415773351509923
9.5653566804159595


# name: Y_res
# type: matrix
# rows: 9
# columns: 9
 0 6.4536814681691279 1.4831819440661156 0 0 0 0 2.17070588820879 0
 6.4536814681691279 0 0 1.3697887625507199 0 0.85482535825352324 0 0 0
 1.4831819440661156 0 0.72867160590115143 0 0 1.4320711288162469 0 0 0.01764819698113447
 0 1.3697887625507199 0 0 0 0 8.7592555588590777 0 0
 0 0 0 0 0 8.6659994330058812 0.93025730448109512 0 0.17127664939326082
 0 0.85482535825352324 1.4320711288162469 0 8.6659994330058812 0 0 0 0
 0 0 0 8.7592555588590777 0.93025730448109512 0 0 0 0
 2.17070588820879 0 0 0 0 0 0 5.4206930933427824 0
 0 0 0.01764819698113447 0 0.17127664939326082 0 0 0 1.7870749756878845


#------------------------------------------#
-Simulacion N.4
Total de iteraciones:190
Tiempo de ejecucion:0.24277
---Datos Iniciales---
# name: lambda
# type: matrix
# rows: 9
# columns: 1
 -7.7330875752502344
 -4.3555983105325442
 -2.459954158293689
 -0.73904032780203366
 1.1351187547074595
 2.0265998398192089
 4.8028224015658303
 5.8392810726439066
 9.2597787797263038


# name: Y
# type: matrix
# rows: 9
# columns: 9
 3.8250338106446491 4.7357295870300931 1.9750968288699235 4.5077467331616088 7.6154605474088832 4.8637291389950299 3.4197446814642651 6.7184382606459323 2.3835954790232536
 4.7357295870300931 8.4905610207947682 6.21500842007055 6.9288710921557257 5.5943776383731221 4.7739717511881787 4.3186082425462509 6.8731675411139257 2.3117592451045086
 1.9750968288699235 6.21500842007055 5.9473323735889121 4.1836698662729006 0.41207707875636046 4.1973572541750315 4.205163135191782 6.5181395612803392 2.6325313221242874
 4.5077467331616088 6.9288710921557257 4.1836698662729006 1.8091575338323107 7.0635513670089036 7.0045493503324945 4.243504874877825 5.4479708577257231 2.8387662247005014
 7.6154605474088832 5.5943776383731221 0.41207707875636046 7.0635513670089036 1.740826810641577 5.8341343460495221 5.1635651468930375 7.4422294105012528 5.0898910554615346
 4.8637291389950299 4.7739717511881787 4.1973572541750315 7.0045493503324945 5.8341343460495221 4.4468780454137269 6.5066285681402682 4.6533508962537926 4.578768518833952
 3.4197446814642651 4.3186082425462509 4.205163135191782 4.243504874877825 5.1635651468930375 6.5066285681402682 9.4190833271451559 2.3778213396874479 7.548748256778488
 6.7184382606459323 6.8731675411139257 6.5181395612803392 5.4479708577257231 7.4422294105012528 4.6533508962537926 2.3778213396874479 2.5484051850055844 5.2406264602010397
 2.3835954790232536 2.3117592451045086 2.6325313221242874 2.8387662247005014 5.0898910554615346 4.578768518833952 7.548748256778488 5.2406264602010397 0.043170021389569158


---Resultados---
-Norma resultado:1.1231e-10
# name: lambda_res
# type: diagonal matrix
# rows: 9
# columns: 9
-7.7330875751931822
-4.3555983104953038
-2.4599541582845026
-0.73904032777033934
1.13511875470677
2.026599839836368
4.8028224015543906
5.839281072646922
9.2597787797968074


# name: Y_res
# type: matrix
# rows: 9
# columns: 9
 0 0 0 0 4.1483132600414807 0.90425983497636442 0 0.68912925838337757 0
 0 4.0692608265719841 1.7791475200245186 1.4238775081546011 0 0 0 0.53894537882252613 0
 0 1.7791475200245186 1.1595763019502401 0.87960164075631164 0 1.1481128970602692 0.59628030084074379 2.7819375862571496 0
 0 1.4238775081546011 0.87960164075631164 0 4.0338621046901482 2.470482148140055 0 0 0
 4.1483132600414807 0 0 4.0338621046901482 0 0 0 4.6112349291858301 0.56339596695112926
 0.90425983497636442 0 1.1481128970602692 2.470482148140055 0 0 1.321982050113502 0 0.77718530854874546
 0 0 0.59628030084074379 0 0 1.321982050113502 2.5470833482757071 0 4.4064206624234483
 0.68912925838337757 0.53894537882252613 2.7819375862571496 0 4.6112349291858301 0 0 0 2.1784165990116047
 0 0 0 0 0.56339596695112926 0.77718530854874546 4.4064206624234483 2.1784165990116047 0


#------------------------------------------#
-Simulacion N.5
Total de iteraciones:1001
Tiempo de ejecucion:1.2549
---Datos Iniciales---
# name: lambda
# type: matrix
# rows: 9
# columns: 1
 -9.9205368481268081
 -8.5013653112711456
 -8.0183414409530336
 -4.6402470899504955
 -1.4794608715817876
 5.5437929452494235
 7.7765968510707353
 8.0932035144139292
 9.9144196671136022


# name: Y
# type: matrix
# rows: 9
# columns: 9
 6.2803210872308544 5.909173818923164 4.4479869177616251 4.7454800960598931 3.8657891061084144 6.9734487794758024 1.6477488139841707 3.2369035391925438 4.9585579105192741
 5.909173818923164 5.2828585039471037 6.2458378922687476 6.2859110679262553 3.6009646072837871 5.6180506192881072 6.1148512252932452 2.8562189347329618 6.0647559752587927
 4.4479869177616251 6.2458378922687476 2.7619220446543915 6.7801718502809116 5.4973280480150448 6.4779460265081035 4.5390393076681752 6.6126799919942991 4.9084368364718909
 4.7454800960598931 6.2859110679262553 6.7801718502809116 1.4728957841075596 4.8257907646658333 4.9393708768136833 5.5822559991277929 6.0718478118714145 4.3207591089914299
 3.8657891061084144 3.6009646072837871 5.4973280480150448 4.8257907646658333 8.6534761245120322 6.1778287310836628 5.8530679532330607 7.5279890434668264 6.5391836590523926
 6.9734487794758024 5.6180506192881072 6.4779460265081035 4.9393708768136833 6.1778287310836628 6.4455873075291423 4.8421660440864187 7.971676514128859 3.7268707334085103
 1.6477488139841707 6.1148512252932452 4.5390393076681752 5.5822559991277929 5.8530679532330607 4.8421660440864187 4.1771426832406355 5.5440856523083148 8.2462758136622689
 3.2369035391925438 2.8562189347329618 6.6126799919942991 6.0718478118714145 7.5279890434668264 7.971676514128859 5.5440856523083148 8.9294011517719962 2.7722401708249298
 4.9585579105192741 6.0647559752587927 4.9084368364718909 4.3207591089914299 6.5391836590523926 3.7268707334085103 8.2462758136622689 2.7722401708249298 9.0535028509550326


---Resultados---
-Norma resultado:0.41065
# name: lambda_res
# type: diagonal matrix
# rows: 9
# columns: 9
-9.7836440087596124
-8.3644837997008512
-7.8814665412407638
-4.5033674574811835
-1.3425791334767874
5.6806710548118007
7.9134709777050292
8.2300846759982242
10.051314232144138


# name: Y_res
# type: matrix
# rows: 9
# columns: 9
 0 1.1653634940785023 0 0 0 8.9645706944622354 0.01923617529732112 0 0.16620069000150467
 1.1653634940785023 0 0.042187821407052975 7.3463722062425507 0 0 0.39427868587408915 0 0
 0 0.042187821407052975 0 3.7994887610936772 2.133838610754605 0 0 2.2397768655922663 0
 0 7.3463722062425507 3.7994887610936772 0 0 0 0 0 0
 0 0 2.133838610754605 0 0 0 0 4.856901946416194 1.1067148555872293
 8.9645706944622354 0 0 0 0 0 0 2.7825439046755234 0.026046533285899769
 0.01923617529732112 0.39427868587408915 0 0 0 0 0 0 8.0206549842210837
 0 0 2.2397768655922663 0 4.856901946416194 2.7825439046755234 0 0 0
 0.16620069000150467 0 0 0 1.1067148555872293 0.026046533285899769 8.0206549842210837 0 0


#------------------------------------------#
-Simulacion N.6
Total de iteraciones:1001
Tiempo de ejecucion:1.2692
---Datos Iniciales---
# name: lambda
# type: matrix
# rows: 9
# columns: 1
 -8.5679443272834241
 -6.1376658462275824
 -6.0427349114205064
 -5.2065709335476873
 -4.5230044973367161
 -3.6845103070047003
 0.91842595278406769
 5.121065923985114
 6.5392974193860347


# name: Y
# type: matrix
# rows: 9
# columns: 9
 5.8427466838645952 6.6257177874820208 6.1085371621948426 1.0633424798154267 1.9581894478069206 2.5727546444723641 7.667267626763425 5.6962438398319222 5.3437001916292255
 6.6257177874820208 3.3127010531167578 2.0311346612360932 5.836925613358769 4.7861488781980404 5.189934265000467 7.561962143662682 5.5208073441212511 1.9151831433093496
 6.1085371621948426 2.0311346612360932 3.5245289301921066 7.1820982135838793 5.6670140747721343 0.32212331176692255 8.1597526738778292 2.6764420204273143 3.8646349246913863
 1.0633424798154267 5.836925613358769 7.1820982135838793 9.6967744211822708 6.0672948004026752 6.7331162161527693 0.51157112071885502 3.997037773952882 0.96475483897275227
 1.9581894478069206 4.7861488781980404 5.6670140747721343 6.0672948004026752 4.5445277090054699 5.8681653211728095 1.4064231990991005 3.1827867832841736 5.8738232319072718
 2.5727546444723641 5.189934265000467 0.32212331176692255 6.7331162161527693 5.8681653211728095 3.2129394991536153 5.707952493626185 4.1391328157841443 5.3010614626364028
 7.667267626763425 7.561962143662682 8.1597526738778292 0.51157112071885502 1.4064231990991005 5.707952493626185 5.7492993178233354 5.0569675925949031 0.82449292457017154
 5.6962438398319222 5.5208073441212511 2.6764420204273143 3.997037773952882 3.1827867832841736 4.1391328157841443 5.0569675925949031 4.9045472054754828 2.4449124101521278
 5.3437001916292255 1.9151831433093496 3.8646349246913863 0.96475483897275227 5.8738232319072718 5.3010614626364028 0.82449292457017154 2.4449124101521278 1.2929832450676715


---Resultados---
-Norma resultado:7.1945
# name: lambda_res
# type: diagonal matrix
# rows: 9
# columns: 9
-6.1697619354317119
-3.7394834543758724
-3.6445525195688013
-2.8083885416959768
-2.1248221054850034
-1.2863279151529865
3.3166083446357755
7.5192483158368271
8.937479811237754


# name: Y_res
# type: matrix
# rows: 9
# columns: 9
 0 2.172631342663236 0.45501377478735661 0 3.2651710227049409e-14 2.0535216333612188e-15 3.6718690946535175 2.4685766566416207 0.61556573616941002
 2.172631342663236 0 0.20876016730702565 0.40543663343187886 4.2336093252088343e-15 0 2.5658929532837442 2.1142628374285639 0.026749183989838166
 0.45501377478735661 0.20876016730702565 0 3.9685990704686773 8.0455252973629574e-14 5.7736032537384415e-14 2.9703381390309884 0 0.013954062663136205
 0 0.40543663343187886 3.9685990704686773 0 2.6232733281488034 2.335942685542852 2.5087352293150482e-14 3.7908305814501748e-15 0.0054527713788242961
 3.2651710227049409e-14 4.2336093252088343e-15 8.0455252973629574e-14 2.6232733281488034 0 3.648808413444816 1.3102042084353554e-15 0 3.2659206480366283
 2.0535216333612188e-15 0 5.7736032537384415e-14 2.335942685542852 3.648808413444816 0 2.6172959110721417e-15 1.811848184300816e-15 3.3324467789993046
 3.6718690946535175 2.5658929532837442 2.9703381390309884 2.5087352293150482e-14 1.3102042084353554e-15 2.6172959110721417e-15 0 2.241270662286821 0
 2.4685766566416207 2.1142628374285639 0 3.7908305814501748e-15 0 1.811848184300816e-15 2.241270662286821 0 0.48812575132415159
 0.61556573616941002 0.026749183989838166 0.013954062663136205 0.0054527713788242961 3.2659206480366283 3.3324467789993046 0 0.48812575132415159 0


#------------------------------------------#
-Simulacion N.7
Total de iteraciones:1001
Tiempo de ejecucion:1.2677
---Datos Iniciales---
# name: lambda
# type: matrix
# rows: 9
# columns: 1
 -9.8598137363945941
 -5.0181187055005587
 -4.6504488627887541
 -0.405938507515609
 -0.16607782613085931
 1.3740486117357325
 2.8651189466665592
 4.7238694562430652
 6.6511907434050208


# name: Y
# type: matrix
# rows: 9
# columns: 9
 2.1128965305692935 8.4164466019676656 4.917921993752203 4.3557265272682777 6.1463699441355502 7.3442575857401211 5.1352523501920206 3.3899396184333463 4.1795813527841457
 8.4164466019676656 2.0505212102393902 8.4213359288311409 5.1587254262715572 4.3953816543617332 1.2954994200364305 3.974227235400086 5.3018543873125008 2.7779204342026635
 4.917921993752203 8.4213359288311409 4.6798769310052251 3.8321526404553525 7.0657403346406458 4.3573849584824433 5.5320385728428327 4.9003741408490509 4.8988675968300939
 4.3557265272682777 5.1587254262715572 3.8321526404553525 9.2550214512773028 7.0889717431731292 4.4008377981985305 7.6858329215197569 1.0978362069499465 6.8005245962686294
 6.1463699441355502 4.3953816543617332 7.0657403346406458 7.0889717431731292 5.0630990172911448 5.0766526799637184 5.9321302060981784 3.7061861985168396 4.3133624552101475
 7.3442575857401211 1.2954994200364305 4.3573849584824433 4.4008377981985305 5.0766526799637184 9.650753266929776 4.1707470032186231 2.126019227890676 7.3106718070243257
 5.1352523501920206 3.974227235400086 5.5320385728428327 7.6858329215197569 5.9321302060981784 4.1707470032186231 8.8634366411342445 2.1742193139306321 3.9936660497112184
 3.3899396184333463 5.3018543873125008 4.9003741408490509 1.0978362069499465 3.7061861985168396 2.126019227890676 2.1742193139306321 3.8904710067165826 2.1297223484040693
 4.1795813527841457 2.7779204342026635 4.8988675968300939 6.8005245962686294 4.3133624552101475 7.3106718070243257 3.9936660497112184 2.1297223484040693 6.1213753176221042


---Resultados---
-Norma resultado:2.4073
# name: lambda_res
# type: diagonal matrix
# rows: 9
# columns: 9
-8.2515506771349987
-4.6165066855659482
-4.3079566981718465
-0.46790736755992574
-0.22789052021858236
1.3457483167370068
2.9941189403143036
5.2643844047803334
8.2675602868196592


# name: Y_res
# type: matrix
# rows: 9
# columns: 9
 0 3.0599392244228412 0 0 0 3.0579059121718184 2.4501699198436642 0 0
 3.0599392244228412 0 6.1834073295246386 0 0 0 0 0 0
 0 6.1834073295246386 0 0 0 0 0 4.6219033789202078 0
 0 0 0 0 2.0815547824891261 0 1.9896207004912334 0 2.9541123025248481
 0 0 0 2.0815547824891261 0 0 0 0.43099604157301907 0
 3.0579059121718184 0 0 0 0 0 0 0 2.4531550510172249
 2.4501699198436642 0 0 1.9896207004912334 0 0 0 0 0
 0 0 4.6219033789202078 0 0.43099604157301907 0 0 0 0
 0 0 0 2.9541123025248481 0 2.4531550510172249 0 0 0


#------------------------------------------#
-Simulacion N.8
Total de iteraciones:1001
Tiempo de ejecucion:1.2676
---Datos Iniciales---
# name: lambda
# type: matrix
# rows: 9
# columns: 1
 -9.6552804579335145
 -9.6245500293698694
 -9.4432786752007551
 -5.9681818691189781
 1.0742427810141297
 2.8909745511945122
 8.1812999539868656
 9.3090878022048997
 9.6146115293169991


# name: Y
# type: matrix
# rows: 9
# columns: 9
 3.6820465629747687 2.1021739266571569 1.366874245374764 5.4990272447491346 1.7285120016388567 2.6265758557512151 5.4453756668603006 2.3870963995271319 3.9571245276106608
 2.1021739266571569 0.03623136017202877 4.0521154958200611 4.9894002690847179 4.8738669085744855 3.6094219957121205 0.51316332023965294 3.7849281514631659 6.3668510545240773
 1.366874245374764 4.0521154958200611 8.3678791858299153 5.6171925609814064 4.1148399338907558 0.73173965708444144 6.8945680587820686 6.5258789615577673 6.776669752741582
 5.4990272447491346 4.9894002690847179 5.6171925609814064 5.7964738851290853 6.9496543943301692 5.5010993915589737 6.3484817766118793 5.250953741194671 1.2751078839224821
 1.7285120016388567 4.8738669085744855 4.1148399338907558 6.9496543943301692 6.934064737693272 5.2434659327624367 7.5992719727752709 2.5765880807952235 6.2345708979133319
 2.6265758557512151 3.6094219957121205 0.73173965708444144 5.5010993915589737 5.2434659327624367 0.76831364706882788 8.6214701235079616 5.946061399184468 1.3408233567965044
 5.4453756668603006 0.51316332023965294 6.8945680587820686 6.3484817766118793 7.5992719727752709 8.6214701235079616 9.6023811392233949 6.0504910992575116 3.7527109419733167
 2.3870963995271319 3.7849281514631659 6.5258789615577673 5.250953741194671 2.5765880807952235 5.946061399184468 6.0504910992575116 7.7805520429416006 4.8476968422139413
 3.9571245276106608 6.3668510545240773 6.776669752741582 1.2751078839224821 6.2345708979133319 1.3408233567965044 3.7527109419733167 4.8476968422139413 8.8273760409112505


---Resultados---
-Norma resultado:1.2262
# name: lambda_res
# type: diagonal matrix
# rows: 9
# columns: 9
-9.3170062577959563
-9.217761434280126
-8.9813050900613689
-5.5468581727882293
1.4530660953059575
3.28621465307367
8.6235515967857737
9.5632550596464903
10.136843550113797


# name: Y_res
# type: matrix
# rows: 9
# columns: 9
 0 0 0 3.5073661643869478 0 0 0 0 4.225764925407943
 0 0 0 0 6.1338058729366756 0.73201721502637973 0.73201721502640438 0 5.7447449283058125
 0 0 0 1.1912917642365775 0 0 0 9.317006257795958 0
 3.5073661643869478 0 1.1912917642365775 0 2.4245193166055472 0 0 1.1912917642374596 0
 0 6.1338058729366756 0 2.4245193166055472 0 0 0 0 0
 0 0.73201721502637973 0 0 0 0 9.2177614342801171 0 0
 0 0.73201721502640438 0 0 0 9.2177614342801171 0 0 0
 0 0 9.317006257795958 1.1912917642374596 0 0 0 0 0
 4.225764925407943 5.7447449283058125 0 0 0 0 0 0 0


#------------------------------------------#
-Simulacion N.9
Total de iteraciones:1001
Tiempo de ejecucion:1.2875
---Datos Iniciales---
# name: lambda
# type: matrix
# rows: 9
# columns: 1
 -8.285681676381726
 -7.6911804098646464
 -5.6952563737502926
 -3.2477409079900488
 -1.360542794474215
 -0.44551863372322131
 5.9749941935275359
 8.3923357351800583
 8.784056210370629


# name: Y
# type: matrix
# rows: 9
# columns: 9
 4.3342636215556851 2.0156181262888575 5.6747653065636099 6.2347864072014989 5.4043772344258869 0.76636913586902278 5.7503786327277826 6.2680337130413228 6.666779912993368
 2.0156181262888575 9.0901814369146177 5.2222620845771246 7.8187243815515526 4.3956503719254805 6.3807724627151394 7.8097501869541777 5.8143085730701669 2.0802863377473737
 5.6747653065636099 5.2222620845771246 2.0130263027542581 5.6505177600166547 6.5465360591893296 2.7040232022795423 3.1875036916237609 4.6221813176055955 6.3514731907040769
 6.2347864072014989 7.8187243815515526 5.6505177600166547 3.3041229299063635 8.7739457988891019 6.4098821860779669 6.0191848734095679 5.2045590933263881 4.6181457320538559
 5.4043772344258869 4.3956503719254805 6.5465360591893296 8.7739457988891019 9.0415845667288792 8.7053425275608802 4.0336100761709357 5.7125682816265719 5.5230891235372814
 0.76636913586902278 6.3807724627151394 2.7040232022795423 6.4098821860779669 8.7053425275608802 3.9653107481308449 7.7360192667344165 8.2218186796486314 0.55392102842034274
 5.7503786327277826 7.8097501869541777 3.1875036916237609 6.0191848734095679 4.0336100761709357 7.7360192667344165 2.7812086214117695 4.0737363046377171 5.3516078474947708
 6.2680337130413228 5.8143085730701669 4.6221813176055955 5.2045590933263881 5.7125682816265719 8.2218186796486314 4.0737363046377171 8.3944892225875201 4.0432347861820217
 6.666779912993368 2.0802863377473737 6.3514731907040769 4.6181457320538559 5.5230891235372814 0.55392102842034274 5.3516078474947708 4.0432347861820217 9.1747890004900583


---Resultados---
-Norma resultado:1.1915
# name: lambda_res
# type: diagonal matrix
# rows: 9
# columns: 9
-7.8884300391312019
-7.293242844046282
-5.2985931050321202
-2.8510786332229361
-0.96364943788669921
-0.048187655305514547
6.3727061886536243
8.7876048707489343
9.1828706552221888


# name: Y_res
# type: matrix
# rows: 9
# columns: 9
 0 0 3.5563300861720326 0 0 0 0 1.6075663121698955 5.2850737485485837
 0 0 0 4.4859362044120816 0.013290558833373423 0.013697446851281827 6.7892490644729113 0 0
 3.5563300861720326 0 0 0 0 0 0 1.2958323126890847 3.2744272478866803
 0 4.4859362044120816 0 0 1.9062899672127007 0 0.71699163413499734 0.070882802327706718 0
 0 0.013290558833373423 0 1.9062899672127007 0 6.5717275428279969 0 0 0
 0 0.013697446851281827 0 0 6.5717275428279969 0 1.2105699625387945 2.1313245138051053 0
 0 6.7892490644729113 0 0.71699163413499734 0 1.2105699625387945 0 0 0
 1.6075663121698955 0 1.2958323126890847 0.070882802327706718 0 2.1313245138051053 0 0 1.4915010866983498
 5.2850737485485837 0 3.2744272478866803 0 0 0 0 1.4915010866983498 0


#------------------------------------------#
-Simulacion N.10
Total de iteraciones:1001
Tiempo de ejecucion:1.2682
---Datos Iniciales---
# name: lambda
# type: matrix
# rows: 9
# columns: 1
 -9.8610420985669904
 -9.2742243397238546
 -6.7404064053129664
 -4.334163439099683
 -4.2235399481791847
 -2.0306395385717435
 0.5639703003430121
 4.4381879409198515
 5.8409773854018994


# name: Y
# type: matrix
# rows: 9
# columns: 9
 5.732700178290596 4.094712895630602 2.1771159972282259 8.0726188769369003 7.800144581502904 3.2725153145371682 8.1459656000648604 7.727040577702935 3.5875030485413086
 4.094712895630602 2.0490604153812217 4.0324357273747857 7.2201358608932562 0.82227665029968644 7.4574530391827345 4.6000499977920031 4.751938455299225 4.0869058339613948
 2.1771159972282259 4.0324357273747857 3.1503298422495285 3.4251424458727322 5.2941442660471836 3.8513929930943185 3.4180146127599431 6.7128873138786673 1.1271642618784865
 8.0726188769369003 7.2201358608932562 3.4251424458727322 6.891367832091678 4.768945527190958 5.8485367781031252 3.6652152953701842 4.8381575933390515 6.5261005779445487
 7.800144581502904 0.82227665029968644 5.2941442660471836 4.768945527190958 6.9037563375734479 5.8218371294199303 5.8741354197977351 5.0978400434500326 4.4563903862911598
 3.2725153145371682 7.4574530391827345 3.8513929930943185 5.8485367781031252 5.8218371294199303 6.0277890603584572 7.3318466762295618 1.7043382312257838 6.5042251047497004
 8.1459656000648604 4.6000499977920031 3.4180146127599431 3.6652152953701842 5.8741354197977351 7.3318466762295618 9.4468004033502595 4.9806983891894863 2.5745395643355198
 7.727040577702935 4.751938455299225 6.7128873138786673 4.8381575933390515 5.0978400434500326 1.7043382312257838 4.9806983891894863 5.1470871900448465 1.1160406886894136
 3.5875030485413086 4.0869058339613948 1.1271642618784865 6.5261005779445487 4.4563903862911598 6.5042251047497004 2.5745395643355198 1.1160406886894136 1.5402819301013593


---Resultados---
-Norma resultado:8.5403
# name: lambda_res
# type: diagonal matrix
# rows: 9
# columns: 9
-7.0142776382570311
-6.427459879413898
-3.8936419450030004
-1.4873989787897186
-1.37677548786922
0.81612492173821793
3.4107347606529737
7.2849524012298108
8.6877418457118605


# name: Y_res
# type: matrix
# rows: 9
# columns: 9
 0 8.0117452772458393e-17 1.7322383921007832e-14 0.98894024156168303 4.2117534979803155 0 1.291779588957348 3.7365988569183912 6.2431137546031713e-15
 8.0117452772458393e-17 0 0.27471332363199386 2.8866396865791217 8.4177690648596359e-16 4.6221606032806282 9.6321003224000837e-15 9.4269038181851004e-16 1.3846710613196305
 1.7322383921007832e-14 0.27471332363199386 0 0.6060532280221721 0.310940517187002 4.0140108273891811e-14 0.44660406901401917 4.6838865138203962 0
 0.98894024156168303 2.8866396865791217 0.6060532280221721 0 6.6524876749271709e-14 1.7142600520211729e-14 3.4584492505830226e-16 1.6097696818025109e-16 2.7314171748875049
 4.2117534979803155 8.4177690648596359e-16 0.310940517187002 6.6524876749271709e-14 0 1.3910472976382723e-14 2.9837746377525693 0.91163251605539197 1.2644213884311367e-14
 0 4.6221606032806282 4.0140108273891811e-14 1.7142600520211729e-14 1.3910472976382723e-14 0 2.2991944631716237 3.0531776947190047e-14 3.7673434057002964
 1.291779588957348 9.6321003224000837e-15 0.44660406901401917 3.4584492505830226e-16 2.9837746377525693 2.2991944631716237 0 1.0865852080139165e-15 1.0616607614083682e-15
 3.7365988569183912 9.4269038181851004e-16 4.6838865138203962 1.6097696818025109e-16 0.91163251605539197 3.0531776947190047e-14 1.0865852080139165e-15 0 2.1819924825045672e-15
 6.2431137546031713e-15 1.3846710613196305 0 2.7314171748875049 1.2644213884311367e-14 3.7673434057002964 1.0616607614083682e-15 2.1819924825045672e-15 0


#------------------------------------------#
-Simulacion N.11
Total de iteraciones:1001
Tiempo de ejecucion:1.269
---Datos Iniciales---
# name: lambda
# type: matrix
# rows: 9
# columns: 1
 -9.6748360082975573
 -9.0347465214059515
 -8.049596019817276
 -7.4657886773063513
 -5.790100225715018
 -5.1948534452831474
 -3.3679955258540346
 2.9058828515735726
 4.8413313295642055


# name: Y
# type: matrix
# rows: 9
# columns: 9
 4.4679048374444044 0.62362228832748057 4.7888001992019289 6.2746956085222791 3.4112164718714482 6.2630005827917179 2.1465987823794537 5.7391013536739059 2.26949804714382
 0.62362228832748057 9.0055029042044321 4.8558429620996426 6.3830171367641579 5.3842821830621848 4.5961322887921092 5.8901069812426297 5.2268507815690324 5.54076029336027
 4.7888001992019289 4.8558429620996426 5.6809523590383959 3.9872710071681974 3.1113310976043502 3.2516600980257762 8.9169052302986707 6.6642063443765291 7.1252854667530379
 6.2746956085222791 6.3830171367641579 3.9872710071681974 7.8294167761044244 6.1777780571067771 4.4970611867462118 6.9484192923240098 7.4017694670317375 5.6357720958317099
 3.4112164718714482 5.3842821830621848 3.1113310976043502 6.1777780571067771 4.0971278403779054 3.3452911892667361 1.9918328751403553 3.6328180558521077 3.6713283823911347
 6.2630005827917179 4.5961322887921092 3.2516600980257762 4.4970611867462118 3.3452911892667361 2.320417175211873 4.0777192991670344 1.760514862722844 4.6310993626870012
 2.1465987823794537 5.8901069812426297 8.9169052302986707 6.9484192923240098 1.9918328751403553 4.0777192991670344 5.8797972007610797 3.1067304743078075 4.5206345970066453
 5.7391013536739059 5.2268507815690324 6.6642063443765291 7.4017694670317375 3.6328180558521077 1.760514862722844 3.1067304743078075 1.8985135926501828 6.8550791191971792
 2.26949804714382 5.54076029336027 7.1252854667530379 5.6357720958317099 3.6713283823911347 4.6310993626870012 4.5206345970066453 6.8550791191971792 9.1633398875491814


---Resultados---
-Norma resultado:13.6102
# name: lambda_res
# type: diagonal matrix
# rows: 9
# columns: 9
-5.1380913146818239
-4.4980018277902269
-3.5128513262015484
-2.9290439836906197
-1.2533555320992871
-0.65810875166741534
1.1687491677616961
7.4426275451892989
9.3780760231799274


# name: Y_res
# type: matrix
# rows: 9
# columns: 9
 0 2.8968585043051754e-14 6.2219865814104856e-16 3.5165039543020224 2.1880853830294309 3.5795780239194821 2.5808874268974383e-13 2.051883689972843 6.766344037894477e-14
 2.8968585043051754e-14 0 1.6215734546775202 4.4540967258862735e-15 1.3997950860295509 0.55697874078976406 2.9361353434170874 1.3373498814209974e-13 2.4196622717316911
 6.2219865814104856e-16 1.6215734546775202 0 1.8315593557078207e-14 3.7118386651258633e-14 3.0286403415715813e-14 4.2121419376218849 1.6535810669231887 3.0003516953578959
 3.5165039543020224 4.4540967258862735e-15 1.8315593557078207e-14 0 2.7291840694841834 1.3501553579836896 0.25964450099530323 2.4023158033492842 9.4489153568325102e-15
 2.1880853830294309 1.3997950860295509 3.7118386651258633e-14 2.7291840694841834 0 1.6052829761840854 3.3805712569826713e-14 0.70036042655034692 2.2086272629865907e-14
 3.5795780239194821 0.55697874078976406 3.0286403415715813e-14 1.3501553579836896 1.6052829761840854 0 2.3692035855716671e-15 8.7089849714456636e-14 0.076328746394519364
 2.5808874268974383e-13 2.9361353434170874 4.2121419376218849 0.25964450099530323 3.3805712569826713e-14 2.3692035855716671e-15 0 3.0864824948162709e-14 1.6965661476453118
 2.051883689972843 1.3373498814209974e-13 1.6535810669231887 2.4023158033492842 0.70036042655034692 8.7089849714456636e-14 3.0864824948162709e-14 0 1.7433292067895507
 6.766344037894477e-14 2.4196622717316911 3.0003516953578959 9.4489153568325102e-15 2.2086272629865907e-14 0.076328746394519364 1.6965661476453118 1.7433292067895507 0


#------------------------------------------#
-Simulacion N.12
Total de iteraciones:1001
Tiempo de ejecucion:1.248
---Datos Iniciales---
# name: lambda
# type: matrix
# rows: 9
# columns: 1
 -9.1203209661543667
 -7.4929001682359653
 -5.9324744098675346
 -3.8841360774934941
 -2.9019347283891754
 -1.9746558604559876
 -0.59684318534939962
 -0.1967952668062054
 9.0211040692528393


# name: Y
# type: matrix
# rows: 9
# columns: 9
 2.9543310504881601 1.7531550947918679 4.8963958999406003 8.5321849439200612 2.58620179919847 5.5564253458158097 1.0156048415163699 1.8009458883653413 0.84322846743704105
 1.7531550947918679 0.029071107333795698 3.9256996668083022 4.4978130697637306 3.7323654480420361 7.3943686185759478 5.7078687400708432 7.4491457930835141 4.6850427351475403
 4.8963958999406003 3.9256996668083022 4.7552169479477291 6.0918607955241644 6.879239241329234 5.7498489969299102 8.9403293499726146 5.6811511982821781 3.9490369070086544
 8.5321849439200612 4.4978130697637306 6.0918607955241644 6.2046256895642724 3.6923886311199019 3.2136247323540452 4.5607537801304199 4.108586949400328 2.8222687273096101
 2.58620179919847 3.7323654480420361 6.879239241329234 3.6923886311199019 6.4473644403000119 3.6880161011630013 5.6413989523006949 5.0710868439055785 3.2844779911980204
 5.5564253458158097 7.3943686185759478 5.7498489969299102 3.2136247323540452 3.6880161011630013 3.1355701229011359 6.671856762357594 3.46982698023715 2.1701835496600603
 1.0156048415163699 5.7078687400708432 8.9403293499726146 4.5607537801304199 5.6413989523006949 6.671856762357594 4.8256689224334623 7.187355431725992 7.4963934317717698
 1.8009458883653413 7.4491457930835141 5.6811511982821781 4.108586949400328 5.0710868439055785 3.46982698023715 7.187355431725992 9.7642817596776794 4.2317449122264001
 0.84322846743704105 4.6850427351475403 3.9490369070086544 2.8222687273096101 3.2844779911980204 2.1701835496600603 7.4963934317717698 4.2317449122264001 7.5347127866566597


---Resultados---
-Norma resultado:7.693
# name: lambda_res
# type: diagonal matrix
# rows: 9
# columns: 9
-6.5559924557655576
-4.9285716578471472
-3.3681458994787294
-1.3198075671046876
-0.337606218000367
0.58967264993282031
1.9674853250394124
2.3675332435826038
11.585432579641653


# name: Y_res
# type: matrix
# rows: 9
# columns: 9
 0 0.14092808397633944 1.5137860395557725 3.6104093763071567 0.67075141761437918 2.5028434685151706 0.00044012728617568001 0.43031979151703481 0.42199428985469478
 0.14092808397633944 0 0.13424374117776211 1.6846249229089691 0.95718131656065486 3.7535430389963338 1.2941126525807358 3.0871289915009785 1.5508434062911203
 1.5137860395557725 0.13424374117776211 0 1.9613956311180183 2.4230937535789603 1.5165334145031029 3.9611503857979913 1.575043475922459 0.58658683290215086
 3.6104093763071567 1.6846249229089691 1.9613956311180183 0 0.66579463882823697 0.24356108599870663 1.463979179460742 0.9016822232005034 1.0400240208400602
 0.67075141761437918 0.95718131656065486 2.4230937535789603 0.66579463882823697 0 0.88558838778807014 1.1664909277884328 1.3576135421763822 0.66667082842627767
 2.5028434685151706 3.7535430389963338 1.5165334145031029 0.24356108599870663 0.88558838778807014 0 2.2853585077488181 0.6368815872148752 0.064050907054644113
 0.00044012728617568001 1.2941126525807358 3.9611503857979913 1.463979179460742 1.1664909277884328 2.2853585077488181 0 2.0204492047569653 3.0235887310147405
 0.43031979151703481 3.0871289915009785 1.575043475922459 0.9016822232005034 1.3576135421763822 0.6368815872148752 2.0204492047569653 0 2.1215849175063955e-13
 0.42199428985469478 1.5508434062911203 0.58658683290215086 1.0400240208400602 0.66667082842627767 0.064050907054644113 3.0235887310147405 2.1215849175063955e-13 0


#------------------------------------------#
-Simulacion N.13
Total de iteraciones:1001
Tiempo de ejecucion:1.2643
---Datos Iniciales---
# name: lambda
# type: matrix
# rows: 9
# columns: 1
 -8.4819724046727689
 -7.6686034512826851
 -0.033621937624765508
 2.0279220465403913
 4.2239046522768966
 5.3316460516925712
 8.1793728900715479
 8.4662634137874235
 8.8901307823529621


# name: Y
# type: matrix
# rows: 9
# columns: 9
 0.43132998500420516 5.9765315059432229 8.9966221165984734 5.5043196392137723 6.9171810679230497 4.5868449028192071 3.5792129854903978 8.5586646246653419 6.3710118248536958
 5.9765315059432229 7.7167293426291206 6.2105892950953709 2.3581915639256694 6.2270624455035009 4.2212089608528993 5.9509131796150765 3.0629159387677936 5.7475297786241448
