#Resultados de la simulacion de P1.
#------------------------------------------#
-Precision:eps(10^-10)
-Dimension:3
-Maximo de Iteraciones:5000
-Maximo de Simulaciones:100
#------------------------------------------#
-Simulacion N.1
Total de iteraciones:5001
Tiempo de ejecucion:2.2573
---Datos Iniciales---
# name: lambda
# type: complex matrix
# rows: 3
# columns: 1
 (-1.0763654094735369,0)
 (9.807743897708967,-4.5894223512280385)
 (9.807743897708967,4.5894223512280385)


# name: Y
# type: matrix
# rows: 3
# columns: 3
 8.6378145256737433 4.7448833281470346 7.6839152492738014
 7.8979336816752896 4.9428942543891496 7.3392774459240133
 9.3376743130645004 7.5261708036312482 1.9029904635699912


---Resultados---
-Norma resultado:6.4904
# name: lambda_res
# type: matrix
# rows: 3
# columns: 1
 -1.0763654094735375
 9.8077438977089688
 9.807743897708967


# name: Y_res
# type: matrix
# rows: 3
# columns: 3
 9.807743897708967 0 0
 1.3402502558920343e-16 8.1899951476144572 3.7794560427420354
 1.5857595123553567 3.966349400449253 0.54138334062097404


#------------------------------------------#
-Simulacion N.2
Total de iteraciones:5001
Tiempo de ejecucion:2.2513
---Datos Iniciales---
# name: lambda
# type: complex matrix
# rows: 3
# columns: 1
 (4.5771089948468671,0)
 (4.2925427050840064,2.9079550429824348)
 (4.2925427050840064,-2.9079550429824348)


# name: Y
# type: matrix
# rows: 3
# columns: 3
 3.5792581043683338 3.813193465601624 1.2872684054666705
 9.8405941522166032 6.8856716482301517 0.099695782519263476
 1.2581521408985308 1.344296349787103 9.7088132446222346


---Resultados---
-Norma resultado:4.1125
# name: lambda_res
# type: matrix
# rows: 3
# columns: 1
 4.2925427050840064
 4.5771089948468653
 4.2925427050840064


# name: Y_res
# type: matrix
# rows: 3
# columns: 3
 4.5107189218476087 0 0.13578797255963374
 3.9059307235595622 4.2925427050840064 1.8824735597636819e-15
 0.10667170799148967 0 4.3589327780832647


#------------------------------------------#
-Simulacion N.3
Total de iteraciones:5001
Tiempo de ejecucion:2.4613
---Datos Iniciales---
# name: lambda
# type: complex matrix
# rows: 3
# columns: 1
 (4.3915617522224899,0)
 (-8.5189467428318757,-5.3863916702926513)
 (-8.5189467428318757,5.3863916702926513)


# name: Y
# type: matrix
# rows: 3
# columns: 3
 5.9769060280564288 6.6033972382579167 9.0605531630778238
 4.8970587060153186 9.5416560348000488 4.090267401412838
 1.9819745594280691 4.0915607013172099 3.5715247109264627


---Resultados---
-Norma resultado:7.3014
# name: lambda_res
# type: complex matrix
# rows: 3
# columns: 1
 (8.6070056633695753,4.4408920985006262e-16)
 (-4.3035028316847903,5.3863916702926504)
 (-4.3035028316847885,-5.3863916702926504)


# name: Y_res
# type: matrix
# rows: 3
# columns: 3
 0 4.2323149724015066 11.220183004912538
 5.4014261391386658 0 0.54612328696067869
 4.3576253716537394e-13 6.7505964462233994 0


#------------------------------------------#
-Simulacion N.4
Total de iteraciones:5001
Tiempo de ejecucion:2.2607
---Datos Iniciales---
# name: lambda
# type: complex matrix
# rows: 3
# columns: 1
 (-0.049979665653012262,0)
 (-1.8864295990124464,-4.0794457654317817)
 (-1.8864295990124464,4.0794457654317817)


# name: Y
# type: matrix
# rows: 3
# columns: 3
 3.9788296077493079 4.0083988475710344 8.619039248956291
 0.64192686513816821 8.8609717133604597 9.644522161232306
 4.0716568157811874 4.4433177654751788 6.5710479273304978


---Resultados---
-Norma resultado:6.2223
# name: lambda_res
# type: matrix
# rows: 3
# columns: 1
 0
 0.91822496667971731
 -0.91822496667971709


# name: Y_res
# type: matrix
# rows: 3
# columns: 3
 0 0.33423415806958712 3.0665349574354117
 0 0 5.3585486950109118
 0 0.15734429925382074 0


#------------------------------------------#
-Simulacion N.5
Total de iteraciones:5001
Tiempo de ejecucion:2.3224
---Datos Iniciales---
# name: lambda
# type: complex matrix
# rows: 3
# columns: 1
 (9.6747368168936418,0)
 (4.2217698978532265,-5.1425362928787965)
 (4.2217698978532265,5.1425362928787965)


# name: Y
# type: matrix
# rows: 3
# columns: 3
 3.1057015086211925 8.511970151154916 7.6076580832300778
 8.660773574633593 8.9907565075440203 8.7481200263643029
 9.3928776826374563 2.2249847951536053 9.86830044844152


---Resultados---
-Norma resultado:2.2031
# name: lambda_res
# type: complex matrix
# rows: 3
# columns: 1
 (10.914150258968018,1.7763568394002505e-15)
 (3.6020631768160429,4.0135130532687349)
 (3.6020631768160447,-4.0135130532687366)


# name: Y_res
# type: matrix
# rows: 3
# columns: 3
 5.0539431675859676 5.8602070913820388 0
 0 5.5394244712362859 5.3747257877317223
 3.3892412851901677 0 7.5249089737778414


#------------------------------------------#
-Simulacion N.6
Total de iteraciones:5001
Tiempo de ejecucion:2.273
---Datos Iniciales---
# name: lambda
# type: complex matrix
# rows: 3
# columns: 1
 (6.6117016865770388,0)
 (-8.2945755535952479,9.8598639481084334)
 (-8.2945755535952479,-9.8598639481084334)


# name: Y
# type: matrix
# rows: 3
# columns: 3
 8.4088546069260701 3.6969442950083939 3.9709845310777858
 5.6099935404021037 4.9973229681203168 3.0045979516828956
 6.1207519654102862 5.0154098774713152 7.5432497586694094


---Resultados---
-Norma resultado:5.8953
# name: lambda_res
# type: complex matrix
# rows: 3
# columns: 1
 (-5.3306770923354616,9.2330035626685518)
 (10.661354184670929,1.2490009027033011e-15)
 (-5.3306770923354607,-9.2330035626685518)


# name: Y_res
# type: matrix
# rows: 3
# columns: 3
 0 0 13.130170874971476
 9.7805158892146888 0 0
 0 9.4363702637254239 0


#------------------------------------------#
-Simulacion N.7
Total de iteraciones:5001
Tiempo de ejecucion:2.3081
---Datos Iniciales---
# name: lambda
# type: complex matrix
# rows: 3
# columns: 1
 (5.9785600981509077,0)
 (-5.5103885056468744,-3.4566031671676978)
 (-5.5103885056468744,3.4566031671676978)


# name: Y
# type: matrix
# rows: 3
# columns: 3
 5.8067535839361231 7.4414234104453723 6.8353982188843059
 9.875159082974438 0.11914796132743932 5.3989418657283874
 8.860546934419812 1.3730562617797304 6.939240647515418


---Resultados---
-Norma resultado:2.9111
# name: lambda_res
# type: complex matrix
# rows: 3
# columns: 1
 (7.6592990691985179,4.4408920985006262e-16)
 (-3.8296495345992589,3.4566031671676956)
 (-3.8296495345992589,-3.4566031671676964)


# name: Y_res
# type: matrix
# rows: 3
# columns: 3
 0 4.0697627089144 2.031264871465388
 4.0704025008487621 0 6.6696061405880638
 7.4983217775062734 0.038066908768656704 0


#------------------------------------------#
-Simulacion N.8
Total de iteraciones:5001
Tiempo de ejecucion:2.3159
---Datos Iniciales---
# name: lambda
# type: complex matrix
# rows: 3
# columns: 1
 (-3.7642158803562324,0)
 (-6.7742809646171898,-4.830876037902458)
 (-6.7742809646171898,4.830876037902458)


# name: Y
# type: matrix
# rows: 3
# columns: 3
 2.7463087491369285 4.8263544836586618 4.28010653830375
 2.4948349505779568 1.4112030387361696 6.1309246657800154
 7.2597779837865293 2.0884327870694177 5.3979656417460298


---Resultados---
-Norma resultado:10.4631
# name: lambda_res
# type: complex matrix
# rows: 3
# columns: 1
 (-1.8962313044958403,3.2843689622894132)
 (3.7924626089916811,-3.9621084191310274e-15)
 (-1.8962313044958381,-3.2843689622894061)


# name: Y_res
# type: matrix
# rows: 3
# columns: 3
 0 2.8689670126621243 0
 0 0 18.679470091534355
 1.0178266463740964 0 0


#------------------------------------------#
-Simulacion N.9
Total de iteraciones:5001
Tiempo de ejecucion:2.2952
---Datos Iniciales---
# name: lambda
# type: complex matrix
# rows: 3
# columns: 1
 (1.7578506719840128,0)
 (5.9001159943977228,9.306820442876738)
 (5.9001159943977228,-9.306820442876738)


# name: Y
# type: matrix
# rows: 3
# columns: 3
 2.4780679353907651 5.608145505871839 0.44580029651142716
 2.2065962805413077 7.2459664727396067 6.4724597635769223
 5.5600695594870047 2.0054818556119072 8.9496330354397156


---Resultados---
-Norma resultado:13.1618
